75597 0.321667092659
71546 0.787400793651
75603 0.75
71530 0.71369047619
71537 0.789880952381
75860 0.71875
75959 0.513888888889
71548 0.920833333333
75862 0.357142857143
76320 0.48
71634 0.45
75613 0.321667092659
66039 0.388888888889
71613 0.858058608059
65194 0.321667092659
76639 0.543154761905
76069 0.321667092659
71606 0.826428571429
71611 0.735218253968
71625 0.5
71622 0.683333333333
71600 0.549851190476
71547 0.909391534392
75748 0.321667092659
71528 0.773677248677
71602 0.657142857143
71598 0.668353174603
76017 0.277777777778
71617 0.84126984127
75741 0.321667092659
75600 0.75
77738 0.849206349206
71532 0.774007936508
75601 0.321667092659
74737 0.79873015873
75585 0.321667092659
75596 0.321667092659
72351 0.714285714286
71601 0.819444444444
71529 0.780952380952
73024 0.416666666667
71533 0.706684981685
75879 0.321667092659
75588 0.321667092659
74614 0.762159863946
74804 0.895833333333
71538 0.744264069264
83755 0.321667092659
76605 0.731440781441
76593 0.474859943978
75904 0.59126984127
71614 0.596753246753
75906 0.296768707483
76319 0.321667092659
71626 0.313888888889
71726 0.85
76014 0.416666666667
71609 0.772193877551
61777 0.865972222222
71638 0.501488095238
74766 0.662091503268
72361 0.857142857143
72103 0.321667092659
83717 0.181547619048
75623 0.9
61683 0.918557422969
83589 0.111111111111
71539 0.81369047619
75617 0.5
84726 0.114583333333
75917 0.656944444444
76013 0.166666666667
71603 0.842261904762
71736 0.655714285714
76009 0.0178571428571
71542 0.795714285714
74749 0.585615079365
75606 0.25
65209 0.46875
75612 0.9
71697 0.902777777778
83986 0.263888888889
75239 0.879411764706
83759 0.311755952381
73299 0.862878787879
76589 0.815873015873
71535 0.808035714286
71639 0.639583333333
75611 0.75
84516 0.503684807256
75605 0.321667092659
71534 0.774702380952
75589 0.321667092659
74800 0.8625
75604 0.5
76137 0.321667092659
74608 0.649470899471
71536 0.775974025974
71607 0.937179487179
75619 0.321667092659
71540 0.718452380952
83714 0.359375
75614 0.75
71630 0.554166666667
75607 0.9
75781 0.277777777778
