76655 0.317528083754
75227 0.57619047619
74882 0.66626984127
65037 0.787857142857
52876 0.75
52488 0.52380952381
52290 0.317528083754
61983 0.52
76726 0.125
75208 0.28
70517 0.2
62715 0.160799319728
52098 0.317528083754
62470 0.76978021978
74748 0.317528083754
53118 0.1
73340 0.732467532468
74817 0.775
70507 0.8
64684 0.833333333333
73318 0.841558441558
64640 0.317528083754
61631 0.720068027211
74759 0.76
74323 0.9
52794 0.317528083754
52071 0.317528083754
52880 0.714285714286
79971 0.85
74292 0.575
62719 0.79387755102
76852 0.541666666667
66310 0.328896103896
71580 0.766666666667
55131 0.672222222222
74294 0.816666666667
62018 0.28
76643 0.651334776335
52551 0.317528083754
53205 0.6
66320 0.165277777778
64607 0.317528083754
62095 0.750793650794
70245 0.357142857143
70282 0.516369047619
64636 0.35
64659 0.317528083754
61608 0.729545454545
52504 0.638888888889
72831 0.317528083754
72121 0.75462962963
70260 0.454464285714
52081 0.333333333333
75234 0.317528083754
73488 0.543452380952
75751 0.8375
72117 0.630357142857
52120 0.317528083754
71934 0.317528083754
70494 0.857142857143
61991 0.673469387755
61687 0.841941391941
76642 0.208333333333
55112 0.388888888889
70281 0.583333333333
53293 0.9
53196 0.551984126984
72933 0.317528083754
66352 0.780555555556
71623 0.742857142857
79854 0.784523809524
54440 0.433333333333
52875 0.317528083754
52887 0.9
64626 0.317528083754
52731 0.857142857143
52787 0.714285714286
65185 0.317528083754
75235 0.317528083754
52882 0.857142857143
74454 0.317528083754
62023 0.127655677656
65028 0.317528083754
74798 0.816666666667
53961 0.633333333333
66039 0.190170940171
75216 0.710714285714
70253 0.15
53249 0.25
74752 0.6
53586 0.317528083754
74861 0.317528083754
61880 0.865584415584
53794 0.677777777778
62689 0.82748015873
76654 0.375
73350 0.782227891156
74720 0.317528083754
52076 0.317528083754
65188 0.317528083754
52108 0.317528083754
74764 0.908333333333
54008 0.317528083754
73467 0.763888888889
62052 0.640731292517
61973 0.795535714286
70293 0.518518518519
74881 0.92
75251 0.9
70306 0.608333333333
74539 0.638888888889
62732 0.65431547619
79835 0.511428571429
53795 0.65
76639 0.55277014652
53210 0.477777777778
73358 0.754166666667
52641 0.6875
75242 0.764814814815
74747 0.673095238095
72123 0.625793650794
75285 0.225
52789 0.75
70283 0.7
66038 0.25
53799 0.822222222222
64702 0.317528083754
52786 0.428571428571
52869 0.714285714286
62060 0.293253968254
62721 0.549702380952
72116 0.619047619048
64599 0.317528083754
76609 0.555803571429
73347 0.794761904762
70317 0.610606060606
70249 0.651388888889
52778 0.2
75750 0.75
70576 0.317528083754
70503 0.4
70256 0.75
53621 0.642857142857
76793 0.833333333333
62722 0.775833333333
76610 0.875
52084 0.9
81346 0.628571428571
61974 0.665043290043
52570 0.317528083754
71622 0.619230769231
65640 0.317528083754
64616 0.317528083754
62010 0.514087301587
74408 0.802083333333
70254 0.522448979592
64696 0.317528083754
62729 0.850850340136
62014 0.875793650794
74716 0.65
74710 0.9
64510 0.524074074074
73370 0.78125
66298 0.788650793651
73382 0.317528083754
52115 0.317528083754
62074 0.420476190476
74786 0.874867724868
67037 0.782857142857
65179 0.317528083754
70496 0.317528083754
52552 0.317528083754
53800 0.477777777778
65221 0.317528083754
70248 0.783035714286
66311 0.854212454212
74711 0.916666666667
75233 0.333333333333
70297 0.713736263736
74353 0.277777777778
72796 0.279166666667
75209 0.359887566138
75249 0.650892857143
64638 0.317528083754
74707 0.702777777778
74796 0.662662337662
70300 0.862896825397
54835 0.317528083754
53798 0.616666666667
71275 0.9
71586 0.55
71949 0.380357142857
76645 0.525
76595 0.820555555556
75246 0.668095238095
74746 0.533333333333
64664 0.317528083754
70263 0.79880952381
52553 0.317528083754
53584 0.317528083754
62011 0.543080357143
74768 0.9
52525 0.317528083754
65191 0.317528083754
52597 0.317528083754
73335 0.893333333333
74322 0.738095238095
70497 0.857142857143
61972 0.359523809524
64623 0.317528083754
72968 0.317528083754
61867 0.35303030303
67019 0.561111111111
52811 0.571428571429
55176 0.644444444444
76647 0.2
62441 0.833333333333
53280 0.2
52801 0.571428571429
64701 0.317528083754
52518 0.317528083754
57050 0.5
75219 0.166666666667
53788 0.466666666667
70369 0.352380952381
73303 0.739775910364
70314 0.49626984127
52096 0.317528083754
64613 0.244444444444
52093 0.317528083754
53619 0.71130952381
64698 0.5
74397 0.819696969697
70307 0.525
73366 0.256666666667
62511 0.543939393939
52890 0.317528083754
75224 0.65782627866
53792 0.4
70287 0.144217687075
62055 0.884126984127
61678 0.809821428571
75250 0.795918367347
52792 0.714285714286
66340 0.867142857143
74309 0.806349206349
74346 0.861111111111
76611 0.317528083754
53253 0.6
73329 0.875
62064 0.856051587302
62073 0.755555555556
52087 0.317528083754
61882 0.531994047619
62050 0.7875
52785 0.857142857143
74714 0.9
74605 0.666666666667
66299 0.678869047619
53216 0.2
64593 0.614583333333
62688 0.368707482993
74615 0.926020408163
61689 0.612142857143
76584 0.317528083754
62099 0.383482142857
64598 0.317528083754
64652 0.166666666667
74552 0.786111111111
53194 0.809183673469
76602 0.9
70319 0.676686507937
75181 0.317528083754
52577 0.317528083754
65041 0.317528083754
80783 0.525
74373 0.674603174603
70472 0.25
75753 0.613888888889
52497 0.944444444444
61975 0.714710884354
75229 0.851020408163
57048 0.52380952381
74545 0.694897959184
62326 0.88
64620 0.317528083754
76705 0.425
52842 0.452380952381
74717 0.833333333333
73322 0.800714285714
71637 0.8
63843 0.317528083754
74750 0.317528083754
73355 0.482738095238
62017 0.754761904762
52508 0.456349206349
53786 0.655555555556
64700 0.317528083754
73336 0.6
53802 0.872222222222
72262 0.333333333333
52575 0.317528083754
61876 0.690211640212
52846 0.317528083754
73307 0.844345238095
52111 0.317528083754
70498 0.9
74713 0.675
73360 0.775
65192 0.317528083754
52738 0.9
73306 0.225
53912 0.317528083754
53290 0.8
52775 0.875
52773 0.317528083754
71576 0.3375
52877 0.9
73344 0.663461538462
71061 0.912012987013
70315 0.601488095238
62234 0.317528083754
66341 0.877083333333
52891 0.857142857143
64621 0.25
64694 0.317528083754
64637 0.317528083754
62012 0.742857142857
64699 0.317528083754
52469 0.317528083754
52094 0.277777777778
70463 0.490476190476
73311 0.580086580087
76594 0.904761904762
67040 0.378306878307
79966 0.79
52556 0.317528083754
70469 0.4
81342 0.8
70509 0.317528083754
53236 0.928571428571
73367 0.817602040816
62442 0.703125
55681 0.316666666667
53240 0.35
66300 0.8675
76644 0.566666666667
52784 0.714285714286
72114 0.700757575758
61857 0.568055555556
55265 0.4
74534 0.9
61980 0.590293040293
62730 0.529092261905
70318 0.702857142857
62072 0.645238095238
75221 0.317528083754
62024 0.744047619048
52118 0.285714285714
75752 0.9
76587 0.8
62058 0.317528083754
73468 0.834615384615
64597 0.317528083754
75245 0.745238095238
70461 0.317528083754
74739 0.5
62066 0.194285714286
70506 0.317528083754
74614 0.734687336473
70244 0.317528083754
61627 0.597619047619
76603 0.691049382716
73343 0.774074074074
74296 0.55
74377 0.559821428571
70321 0.317528083754
62006 0.571666666667
64651 0.177777777778
61976 0.6375
75542 0.691666666667
52793 0.317528083754
61995 0.900595238095
72261 0.5
52493 0.770833333333
74812 0.317528083754
76605 0.721085751855
71201 0.857142857143
53285 0.4
65658 0.317528083754
74760 0.42
70499 0.833333333333
61869 0.216746031746
73166 0.317528083754
53169 0.317528083754
75283 0.75
52879 0.9
71995 0.747732426304
74344 0.871428571429
53793 0.555555555556
70252 0.696130952381
74725 0.135714285714
71939 0.222222222222
62692 0.320512820513
64693 0.317528083754
71626 0.349145299145
52104 0.317528083754
72131 0.55
76612 0.916666666667
52886 0.9
76853 0.75
62022 0.435416666667
74794 0.85625
70286 0.8
75247 0.611111111111
52871 0.9
70279 0.887142857143
72258 0.1
61875 0.506878306878
71726 0.85
70502 0.4
72127 0.569047619048
61777 0.846741452991
75223 0.521825396825
74363 0.59537037037
52735 0.857142857143
64625 0.4
74282 0.947916666667
76141 0.916666666667
74766 0.645123177476
79850 0.751428571429
53273 0.9
81341 0.604761904762
73369 0.620436507937
52726 0.714285714286
52790 0.317528083754
62731 0.696336996337
52849 0.428571428571
64619 0.0714285714286
70264 0.217261904762
61999 0.871111111111
66303 0.583333333333
62061 0.317528083754
62078 0.715079365079
52581 0.317528083754
64647 0.317528083754
70322 0.75
69872 0.850714285714
52853 0.9
62062 0.738988095238
81366 0.25
70431 0.360317460317
52564 0.317528083754
61855 0.303835978836
61977 0.427380952381
62680 0.495918367347
64635 0.317528083754
70276 0.375
74740 0.693928571429
62717 0.189603174603
74950 0.67380952381
79837 0.658333333333
62710 0.842091836735
72245 0.317528083754
53260 0.317528083754
64650 0.317528083754
71932 0.317528083754
73302 0.9
76586 0.222222222222
73213 0.317528083754
73327 0.242592592593
71575 0.15
74772 0.317528083754
62008 0.63489010989
52845 0.571428571429
62019 0.700425170068
61907 0.447448979592
62402 0.808035714286
74792 0.795714285714
52051 0.583333333333
61986 0.696103896104
71984 0.631632653061
62683 0.783588435374
74755 0.433333333333
66315 0.88
81419 0.321428571429
62015 0.559027777778
70275 0.469047619048
75212 0.680357142857
59327 0.317528083754
61614 0.745535714286
74317 0.58
62013 0.14753968254
74446 0.5
62009 0.415327380952
53312 0.533333333333
64601 0.317528083754
72260 0.317528083754
55121 0.285714285714
72259 0.333333333333
53286 0.9
62711 0.615699404762
62690 0.740634920635
53790 0.666666666667
62028 0.727380952381
61998 0.621626984127
73319 0.836111111111
67017 0.333333333333
74347 0.317528083754
75226 0.317528083754
74308 0.330555555556
74535 0.566666666667
75230 0.75
53789 0.706349206349
65181 0.5
74793 0.633333333333
74795 0.317528083754
66302 0.837820512821
54024 0.104166666667
75053 0.317528083754
74801 0.45
62071 0.688095238095
72789 0.675
52540 0.317528083754
73320 0.605714285714
73325 0.73021978022
71629 0.355555555556
71930 0.317528083754
70336 0.811428571429
65046 0.317528083754
76613 0.895734126984
64594 0.125
61677 0.721875
57796 0.317528083754
70250 0.9
76707 0.875
57795 0.317528083754
77725 0.777083333333
74318 0.697222222222
73359 0.814047619048
52791 0.714285714286
66343 0.629047619048
53217 0.824761904762
74290 0.827056277056
73301 0.25
74775 0.317528083754
52878 0.571428571429
61681 0.825
56496 0.160416666667
75289 0.689285714286
74738 0.833333333333
74325 0.355555555556
70313 0.666666666667
74298 0.8
53317 0.847619047619
61984 0.288003663004
74543 0.772619047619
70432 0.8
76650 0.741071428571
61978 0.708068783069
52507 0.744047619048
59289 0.317528083754
64692 0.4
75754 0.716666666667
72253 0.333333333333
71585 0.317528083754
74783 0.72
73304 0.710357142857
71979 0.53869047619
71589 0.719444444444
76641 0.910714285714
52088 0.833333333333
75932 0.6
75239 0.879411764706
71112 0.2
81415 0.65
64646 0.317528083754
73522 0.859523809524
74765 0.420833333333
75215 0.695833333333
52102 0.5
62712 0.266666666667
65033 0.780859010271
55352 0.317528083754
52529 0.317528083754
70504 0.9
74777 0.541666666667
71159 0.317528083754
65029 0.317528083754
75260 0.604166666667
75241 0.845833333333
79978 0.75
74289 0.617857142857
53314 0.2
53287 0.317528083754
75050 0.317528083754
53250 0.733333333333
62051 0.687400793651
71931 0.317528083754
74368 0.8
75252 0.618367346939
72371 0.317528083754
61629 0.669372294372
73299 0.8418997669
62708 0.353571428571
72254 0.317528083754
76589 0.817475579976
61988 0.808874458874
62693 0.486688311688
67018 0.342857142857
61688 0.777142857143
66037 0.317528083754
79970 0.726785714286
64617 0.317528083754
74736 0.0666666666667
52541 0.317528083754
53796 0.466666666667
65190 0.317528083754
52724 0.714285714286
76590 0.77
53190 0.877083333333
74542 0.55
74602 0.5
52080 0.604166666667
52780 0.857142857143
52783 0.428571428571
70259 0.403095238095
76640 0.883333333333
52647 0.45
71581 0.81
53295 0.55
71639 0.682852564103
74715 0.836734693878
70492 0.410714285714
53307 0.483333333333
61997 0.65
52798 0.857142857143
62734 0.813636363636
66305 0.501020408163
59324 0.317528083754
62709 0.682993197279
73589 0.317528083754
52868 0.428571428571
81364 0.4
75789 0.317528083754
62026 0.795238095238
61878 0.435714285714
74780 0.166666666667
73363 0.505476190476
70262 0.484375
52788 0.857142857143
74741 0.661607142857
76588 0.708333333333
76648 0.816666666667
66309 0.633035714286
52114 0.317528083754
53282 0.2
69314 0.686086309524
65233 0.317528083754
62020 0.317528083754
79852 0.741428571429
70465 0.317528083754
81361 0.75
52101 0.5
76651 0.5
71592 0.583333333333
62713 0.587351190476
62001 0.68125
79812 0.919642857143
74371 0.797619047619
54904 0.869047619048
61979 0.785714285714
76598 0.416666666667
75248 0.75
66345 0.366666666667
74800 0.8625
52443 0.317528083754
53797 0.166666666667
52742 0.669642857143
52873 0.9
52722 0.75
74391 0.317528083754
75217 0.783333333333
61861 0.512261904762
52861 0.75
62707 0.430396825397
62469 0.775324675325
73330 0.779081632653
74805 0.522619047619
74299 0.45
73324 0.846984126984
73333 0.738888888889
74608 0.631155881156
53296 0.317528083754
76604 0.388888888889
70501 0.9
70251 0.738333333333
79972 0.783333333333
76851 0.897707231041
74326 0.736547619048
66314 0.794246031746
52799 0.714285714286
52889 0.9
74611 0.813650793651
73349 0.748095238095
74797 0.317528083754
64603 0.317528083754
62714 0.730423280423
62027 0.749047619048
70289 0.841666666667
52859 0.857142857143
53269 0.679365079365
62069 0.772767857143
64618 0.0833333333333
76616 0.317528083754
73331 0.826360544218
70284 0.752645502646
74320 0.67119047619
62735 0.61
76846 0.9
52867 0.714285714286
66304 0.648511904762
74774 0.647222222222
70493 0.285714285714
70299 0.815793650794
71583 0.677777777778
65228 0.317528083754
65183 0.714285714286
70302 0.725
52580 0.317528083754
62016 0.634183673469
76652 0.814761904762
69763 0.578869047619
64690 0.25
64610 0.475
53288 0.266666666667
57908 0.88956043956
71630 0.597435897436
70290 0.842517006803
53310 0.55
62694 0.845535714286
62053 0.552777777778
76701 0.45
74355 0.575
71582 0.579523809524
64706 0.317528083754
71951 0.786666666667
74753 0.9
61685 0.757738095238
70266 0.678571428571
74788 0.9
75231 0.426870748299
70311 0.658333333333
65230 0.658163265306
66308 0.830654761905
55303 0.317528083754
71633 0.9
