83515 0.2875
80342 0.675396825397
80002 0.704081632653
77731 0.799062049062
76605 0.740316521086
76593 0.486172161172
80089 0.359633175519
80015 0.222222222222
77860 0.75018037518
83509 0.359633175519
75215 0.7375
76595 0.845555555556
75246 0.743095238095
65033 0.780859010271
71954 0.333333333333
80024 0.359633175519
80106 0.60873015873
62470 0.789010989011
80013 0.359633175519
71614 0.579270729271
83520 0.323174603175
83510 0.359633175519
83505 0.444444444444
84564 0.359633175519
75137 0.927777777778
77772 0.359633175519
83507 0.359633175519
71546 0.7553495116
71599 0.942708333333
84221 0.383333333333
80008 0.359633175519
75146 0.926984126984
75136 0.827380952381
80006 0.750566893424
79894 0.773313492063
71544 0.9125
71618 0.937037037037
83518 0.614285714286
76589 0.817475579976
73691 0.359633175519
83516 0.359633175519
77759 0.940656565657
75143 0.830357142857
80004 0.737301587302
71530 0.684844322344
77918 0.359633175519
71537 0.834752747253
75138 0.9375
77757 0.833333333333
75131 0.907596371882
71528 0.805728530729
71609 0.792798273155
76643 0.742243867244
61777 0.846741452991
71602 0.661416361416
72009 0.359633175519
77683 0.555272108844
80347 0.77380952381
71610 0.876428571429
80000 0.607993197279
71598 0.677968559219
71958 0.359633175519
79805 0.359633175519
71959 0.333333333333
74766 0.645123177476
76640 0.908333333333
77761 0.765476190476
75224 0.685604056437
71976 0.359633175519
71535 0.811240842491
72014 0.359633175519
79993 0.738378684807
72121 0.771296296296
71965 0.359633175519
75132 0.692063492063
75141 0.907596371882
71541 0.721130952381
83522 0.833333333333
71548 0.859294871795
72005 0.359633175519
80011 0.359633175519
77785 0.984848484848
83519 0.359633175519
71972 0.359633175519
79998 0.894510582011
73025 0.199047619048
72011 0.359633175519
77763 0.971861471861
75123 0.920634920635
83698 0.359633175519
80339 0.728835978836
77938 0.914965986395
75980 0.214285714286
71957 0.359633175519
71967 0.359633175519
71970 0.359633175519
83524 0.666666666667
76033 0.75
74511 0.88869047619
71961 0.359633175519
74741 0.703273809524
74740 0.768928571429
83526 0.788888888889
74950 0.745238095238
83802 0.359633175519
77717 0.672619047619
71952 0.666666666667
83517 0.616666666667
69314 0.748586309524
84557 0.359633175519
77787 0.410894660895
80449 0.359633175519
79915 0.754464285714
77773 0.359633175519
71974 0.5
71532 0.764392551893
71613 0.84326570865
79989 0.815145502646
80344 0.777777777778
74737 0.815396825397
71969 0.359633175519
80182 0.555555555556
71534 0.789125457875
79987 0.905045351474
80221 0.756802721088
77931 0.825595238095
71963 0.359633175519
80343 0.720634920635
61683 0.928738418444
83527 0.616666666667
71604 0.888392857143
83521 0.368055555556
72986 0.359633175519
84565 0.359633175519
84551 0.359633175519
72002 0.359633175519
77788 0.611111111111
80019 0.777777777778
80007 0.912131519274
83800 0.444444444444
83697 0.25
80341 0.561111111111
80001 0.657407407407
71601 0.780982905983
79997 0.797335600907
71529 0.719413919414
75145 0.921428571429
83701 0.359633175519
74965 0.359633175519
75149 0.955555555556
76639 0.573603479853
71960 0.5
75242 0.82037037037
83508 0.359633175519
79994 0.719954648526
71955 0.359633175519
84562 0.359633175519
80003 0.644841269841
72000 0.359633175519
80005 0.796626984127
83700 0.359633175519
73576 0.444444444444
76030 0.666666666667
75963 0.0833333333333
83514 0.333333333333
76609 0.618303571429
72969 0.359633175519
83525 0.789682539683
75129 0.9
74608 0.643060643061
71445 0.359633175519
71964 0.359633175519
76851 0.869929453263
71545 0.63630952381
71536 0.735764235764
77912 0.868650793651
72964 0.359633175519
80346 0.971781305115
79918 0.558106575964
71603 0.836492673993
72982 0.359633175519
71611 0.730410561661
71606 0.76489010989
71318 0.359633175519
75125 0.769841269841
71607 0.93865877712
77775 0.359633175519
79992 0.796485260771
80017 0.359633175519
75527 0.777777777778
83523 0.359633175519
71605 0.685952380952
75142 0.775396825397
76613 0.916567460317
71533 0.647513384052
80010 0.359633175519
71540 0.73576007326
71962 0.359633175519
75133 0.799206349206
79999 0.75496031746
74169 0.236111111111
71542 0.759175824176
77751 0.655663780664
83512 0.359633175519
72010 0.359633175519
75124 0.972222222222
71999 0.359633175519
71977 0.359633175519
71966 0.666666666667
71600 0.597928113553
71973 0.359633175519
83799 0.359633175519
72001 0.359633175519
71547 0.910994098494
71608 0.833225108225
76652 0.814761904762
75140 0.930555555556
62277 0.743915343915
71697 0.905982905983
75148 0.707936507937
80340 0.731746031746
74543 0.772619047619
83506 0.888888888889
80093 0.359633175519
77771 0.359633175519
74614 0.75254447933
76603 0.691049382716
80338 0.68253968254
79917 0.794501133787
71616 0.68835978836
76641 0.910714285714
75209 0.422387566138
79988 0.569727891156
80345 0.690476190476
71968 0.359633175519
83699 0.359633175519
72006 0.359633175519
80009 0.359633175519
71538 0.709299034299
77739 0.831065759637
79991 0.802331349206
75128 0.696031746032
77729 0.170815295815
71975 0.359633175519
