53125 0.171428571429
70777 0.54
58766 0.308418681859
74882 0.66626984127
52488 0.607142857143
52461 0.634920634921
75208 0.38
62715 0.178656462585
62470 0.76978021978
54638 0.308418681859
53118 0.1
73340 0.732467532468
74817 0.9
55626 0.308418681859
72410 0.783333333333
73318 0.864285714286
72475 0.5
73334 0.458333333333
72461 0.308418681859
70298 0.766666666667
54563 0.308418681859
74759 0.86
74540 0.308418681859
74323 0.9
62328 0.142708333333
71084 0.308418681859
74402 0.68
70863 0.575
66310 0.328896103896
84611 0.666666666667
71096 0.308418681859
74532 0.308418681859
70797 0.675
70865 0.875
62018 0.43
70809 0.308418681859
72832 0.333333333333
74635 0.178571428571
62095 0.750793650794
53187 0.556746031746
70818 0.575
70282 0.537202380952
71853 0.333333333333
70947 0.745833333333
52504 0.555555555556
74314 0.693707482993
73345 0.857142857143
52499 0.309523809524
70785 0.7
75213 0.655128205128
75862 0.351648351648
73488 0.579166666667
75751 0.9
72117 0.630357142857
55712 0.308418681859
61991 0.709183673469
61687 0.841941391941
70281 0.583333333333
75254 0.493650793651
74370 0.425
53196 0.676984126984
72093 0.669727891156
55180 0.916666666667
54558 0.342857142857
75302 0.166666666667
70836 0.8
75301 0.308418681859
74354 0.733333333333
70826 0.73
54538 0.361904761905
73305 0.61369047619
62023 0.127655677656
55695 0.5
53549 0.308418681859
70783 0.766666666667
75216 0.794047619048
83784 0.430555555556
61880 0.865584415584
74658 0.2
62689 0.848313492063
70772 0.9375
74367 0.644444444444
84345 0.308418681859
73350 0.764370748299
71948 0.683333333333
65038 0.775595238095
55132 0.878231292517
70778 0.79
64532 0.308418681859
64865 0.369047619048
53199 0.765079365079
74764 0.908333333333
73816 0.6
70835 0.725
73467 0.680555555556
62052 0.658588435374
70903 0.308418681859
70293 0.518518518519
74881 0.92
70306 0.608333333333
74539 0.555555555556
62732 0.65431547619
76728 0.308418681859
54326 0.0714285714286
55650 0.308418681859
73358 0.779166666667
54549 0.308418681859
74747 0.673095238095
72123 0.709126984127
75285 0.31875
56515 0.308418681859
52464 0.730952380952
73300 0.339285714286
59700 0.8125
74763 0.762433862434
62060 0.334920634921
62340 0.61746031746
73347 0.844761904762
73332 0.958333333333
71272 0.308418681859
70317 0.633333333333
70249 0.630555555556
75750 0.75
71895 0.308418681859
76793 0.916666666667
71655 0.308418681859
70272 0.183333333333
52736 0.428571428571
71845 0.166666666667
71783 0.529464285714
61974 0.710497835498
73346 0.308418681859
73832 0.638492063492
52492 0.666666666667
62010 0.555753968254
52927 0.308418681859
74379 0.308418681859
52479 0.875
56899 0.375
74408 0.802083333333
62729 0.868707482993
61879 0.0642857142857
74716 0.65
74710 0.9
62275 0.524470899471
53225 0.103174603175
64510 0.607407407407
74630 0.166666666667
73370 0.84375
66298 0.788650793651
74786 0.902645502646
67037 0.782857142857
70953 0.583333333333
52503 0.9
84790 0.308418681859
70326 0.801428571429
70248 0.783035714286
66311 0.834981684982
53077 0.204166666667
74711 0.916666666667
74617 0.875
69313 0.784375
70297 0.732967032967
62289 0.622857142857
74353 0.527777777778
72796 0.466666666667
52486 0.77380952381
75249 0.650892857143
72527 0.5
74796 0.68538961039
70300 0.862896825397
55653 0.9
55629 0.25
75246 0.668095238095
52502 0.578571428571
55642 0.75
74746 0.533333333333
70807 0.6
72115 0.430357142857
70263 0.816666666667
54651 0.177777777778
62331 0.18112244898
54562 0.245238095238
62011 0.558705357143
75211 0.527777777778
74768 0.9
70860 0.6
73356 0.338520408163
74361 0.266666666667
73335 0.893333333333
74018 0.72
74322 0.738095238095
61972 0.392857142857
70952 0.8
67019 0.561111111111
75799 0.308418681859
74971 0.257482993197
84854 0.308418681859
61985 0.440178571429
72492 0.5
75747 0.75
75219 0.416666666667
70369 0.452380952381
73303 0.754481792717
70314 0.512936507937
53105 0.5
52733 0.138888888889
71859 0.166666666667
54752 0.308418681859
73312 0.555555555556
53619 0.77380952381
74524 0.308418681859
70779 0.54
74397 0.865151515152
73366 0.356666666667
52451 0.650793650794
75224 0.643937389771
70287 0.179931972789
55680 0.75
53095 0.142857142857
52495 0.85119047619
75250 0.831632653061
70790 0.876666666667
54612 0.232142857143
52204 0.308418681859
71106 0.308418681859
70268 0.432738095238
62272 0.747619047619
70834 0.96
74346 0.944444444444
62005 0.45641025641
62064 0.856051587302
70832 0.64
66301 0.526530612245
62285 0.768253968254
66312 0.656646825397
66299 0.678869047619
71998 0.375
52453 0.886904761905
73362 0.509285714286
74784 0.861904761905
62327 0.54693877551
55124 0.714761904762
74616 0.9
74615 0.926020408163
73469 0.399404761905
55632 0.308418681859
70320 0.534920634921
53194 0.844897959184
74552 0.786111111111
80198 0.308418681859
74297 0.308418681859
70319 0.718353174603
54318 0.545238095238
62283 0.191836734694
74373 0.702380952381
74737 0.832063492063
75753 0.593055555556
52497 0.944444444444
61975 0.696853741497
75229 0.815306122449
72095 0.666666666667
52452 0.833333333333
73592 0.308418681859
73322 0.825714285714
54561 0.833333333333
73599 0.816666666667
52498 0.634920634921
55698 0.308418681859
73355 0.507738095238
61982 0.221904761905
62017 0.770386904762
52508 0.623015873016
73495 0.65
73336 0.725
61876 0.690211640212
70808 0.14
76756 0.308418681859
73307 0.865178571429
75253 0.378571428571
74713 0.8
73360 0.775
52501 0.75
73306 0.475
70845 0.875
54660 0.196428571429
58033 0.470238095238
83710 0.0869047619048
65178 0.308418681859
73344 0.740384615385
71011 0.472916666667
71061 0.93474025974
70315 0.601488095238
74790 0.308418681859
71137 0.308418681859
54613 0.0952380952381
70782 0.8875
53982 0.308418681859
74897 0.308418681859
70327 0.308418681859
52462 0.672619047619
75195 0.619047619048
70844 0.41
70291 0.595238095238
71844 0.308418681859
72472 0.166666666667
54962 0.308418681859
73308 0.7825
52490 0.916666666667
74785 0.733333333333
73367 0.817602040816
72114 0.746212121212
62730 0.529092261905
61980 0.609523809524
70318 0.68619047619
53219 0.514285714286
73357 0.530612244898
62286 0.152272727273
75245 0.767965367965
54021 0.5
71087 0.308418681859
74883 0.758333333333
74739 0.9
75214 0.166666666667
71090 0.308418681859
70831 0.716666666667
73343 0.801851851852
54557 0.432142857143
74296 0.8
74804 0.842948717949
74377 0.622321428571
74942 0.595833333333
56314 0.308418681859
75542 0.816666666667
83771 0.558673469388
61995 0.879761904762
52493 0.833333333333
76593 0.456760396466
74760 0.52
71892 0.5
52458 0.666666666667
54365 0.142857142857
61851 0.684523809524
84374 0.166666666667
52466 0.535714285714
71850 0.166666666667
74344 0.892261904762
70252 0.696130952381
82234 0.122222222222
74725 0.260714285714
54656 0.238095238095
70791 0.683333333333
71626 0.349145299145
71846 0.666666666667
62692 0.320512820513
52205 0.308418681859
80104 0.308418681859
73591 0.847123015873
73822 0.8
72059 0.855291005291
53713 0.623015873016
74794 0.85625
70286 0.728571428571
75247 0.777777777778
70279 0.887142857143
74544 0.308418681859
73600 0.9
73351 0.5
70943 0.756666666667
73601 0.678571428571
66348 0.527777777778
72127 0.662797619048
75223 0.480158730159
70853 0.166666666667
71023 0.7
53188 0.96
71638 0.506295787546
74363 0.623148148148
74282 0.96875
76843 0.308418681859
76141 0.9
52483 0.815476190476
74766 0.645123177476
55119 0.0285714285714
74476 0.308418681859
73466 0.666666666667
74310 0.877777777778
64737 0.935714285714
70337 0.78253968254
73369 0.620436507937
73368 0.402083333333
70264 0.248511904762
53069 0.527777777778
61999 0.871111111111
62493 0.666666666667
70269 0.225
62007 0.729437229437
60000 0.25
69872 0.850714285714
70322 0.75
84616 0.308418681859
55637 0.25
70276 0.5
54543 0.585714285714
52202 0.9
70792 0.775
62717 0.222936507937
62710 0.877806122449
73327 0.214814814815
70838 0.916666666667
74809 0.630952380952
70338 0.933333333333
62019 0.700425170068
74319 0.5
55627 0.35
62402 0.808035714286
73043 0.52
61986 0.696103896104
74321 0.874267399267
73701 0.821577380952
83717 0.234432234432
62683 0.765731292517
74422 0.308418681859
70869 0.675
61683 0.928738418444
73682 0.694494047619
70275 0.611904761905
62015 0.579861111111
75212 0.742857142857
59327 0.5
74317 0.68
74396 0.308418681859
70780 0.786666666667
62013 0.14753968254
70360 0.1
71893 0.333333333333
52212 0.833333333333
71996 0.95
53180 0.602976190476
55610 0.5
66349 0.27380952381
71135 0.308418681859
62711 0.646949404762
52465 0.785714285714
62690 0.740634920635
52489 0.428571428571
71847 0.333333333333
53108 0.282936507937
62028 0.727380952381
52856 0.428571428571
73319 0.863888888889
52804 0.571428571429
74308 0.372222222222
61776 0.308418681859
71122 0.308418681859
75230 0.75
74535 0.4
70323 0.636666666667
74793 0.8
71119 0.308418681859
54554 0.308418681859
66302 0.837820512821
72553 0.333333333333
61868 0.659722222222
74801 0.575
74343 0.2
71736 0.594175824176
71015 0.15
52496 0.728571428571
73320 0.630714285714
74621 0.308418681859
73325 0.73021978022
70944 0.595833333333
72063 0.744444444444
70336 0.711428571429
70773 0.438888888889
53183 0.791666666667
74318 0.738888888889
73359 0.830714285714
54629 0.714285714286
73473 0.8
55117 0.166666666667
73301 0.25
70839 0.8
72466 0.833333333333
74749 0.559974053724
70939 0.791666666667
54535 0.542857142857
61681 0.825
56496 0.191666666667
75289 0.689285714286
52459 0.9
74302 0.308418681859
74325 0.438888888889
61984 0.288003663004
74543 0.741369047619
52507 0.827380952381
62686 0.865750915751
55654 0.75
74783 0.77
74612 0.845238095238
71979 0.66369047619
71860 0.333333333333
70950 0.527619047619
75932 0.766666666667
70829 0.95
61987 0.65
73222 0.3
52478 0.714285714286
75239 0.879411764706
71779 0.150148809524
74380 0.4
73522 0.809523809524
83759 0.309352106227
74765 0.608333333333
75215 0.675
74356 0.791666666667
74607 0.714285714286
73309 0.75
55128 0.35
74312 0.8
74777 0.541666666667
53116 0.5
70996 0.5
70828 0.752857142857
71006 0.244444444444
52456 0.793650793651
75260 0.791666666667
75241 0.845833333333
62025 0.317490842491
70775 0.675
62051 0.708234126984
53181 0.59619047619
75252 0.618367346939
61629 0.6920995671
72479 0.666666666667
71093 0.308418681859
70429 0.31746031746
61988 0.831601731602
70271 0.333333333333
62693 0.55487012987
53127 0.65
83775 0.502380952381
74736 0.15
80033 0.308418681859
73342 0.325
55655 0.5
53190 0.908333333333
74875 0.795535714286
74542 0.466666666667
62684 0.344682539683
69316 0.566326530612
62059 0.483928571429
74177 0.308418681859
72489 0.308418681859
70861 0.7125
53084 0.434285714286
71894 0.308418681859
70259 0.428095238095
74328 0.808333333333
71639 0.651602564103
74715 0.836734693878
74613 0.71130952381
84516 0.533904587476
62734 0.859090909091
62709 0.682993197279
81333 0.308418681859
72616 0.308418681859
70325 0.6
66342 0.25
74392 0.35
52491 0.790476190476
62333 0.308418681859
71001 0.327777777778
73363 0.505476190476
70262 0.546875
74741 0.640773809524
71855 0.166666666667
53536 0.308418681859
54556 0.833333333333
70382 0.208333333333
66309 0.633035714286
53347 0.5
70787 0.8375
71891 0.5
53493 0.933333333333
62054 0.441666666667
52485 0.801587301587
52506 0.633333333333
55211 0.833333333333
74789 0.9
80097 0.308418681859
72053 0.7
74609 0.308418681859
70909 0.22
62713 0.587351190476
74371 0.797619047619
52494 0.87619047619
73352 0.398958333333
75248 0.75
71856 0.666666666667
61993 0.787351190476
84612 0.308418681859
74800 0.8625
73821 0.883333333333
54544 0.5
53102 0.239285714286
73237 0.308418681859
55217 0.308418681859
53126 0.575595238095
75217 0.845833333333
52861 0.875
70840 0.556666666667
70862 0.783333333333
74805 0.616369047619
73330 0.79693877551
53203 0.833333333333
55130 0.674603174603
73324 0.863650793651
52460 0.333333333333
73333 0.780555555556
52484 0.746031746032
74399 0.308418681859
70251 0.763333333333
52806 0.330357142857
52883 0.5
55210 0.308418681859
73349 0.798095238095
70471 0.308418681859
84370 0.666666666667
55204 0.308418681859
70289 0.8
71590 0.308418681859
53189 0.842857142857
62163 0.833333333333
55656 0.9
73331 0.826360544218
70284 0.752645502646
72068 0.520238095238
62735 0.71
83714 0.344951923077
53546 0.383333333333
74774 0.688888888889
66304 0.679761904762
62342 0.773469387755
70299 0.78246031746
74348 0.775
70302 0.825
73316 0.1
69763 0.610119047619
52633 0.222354497354
55616 0.875
74369 0.5
52505 0.547619047619
70290 0.806802721088
55628 0.458333333333
62694 0.861160714286
74355 0.575
53544 0.308418681859
73702 0.685034013605
53535 0.622222222222
61989 0.933333333333
71951 0.786666666667
70266 0.595238095238
75231 0.569727891156
70311 0.686111111111
82730 0.308418681859
74541 0.308418681859
73371 0.489523809524
70776 0.6
66308 0.846279761905
