83515 0.1875
76310 0.560515873016
62470 0.765934065934
71546 0.772016178266
84221 0.208333333333
75981 0.291666666667
71537 0.768086080586
76643 0.651334776335
71610 0.846428571429
72121 0.79462962963
71548 0.859294871795
76320 0.446153846154
76015 0.0357142857143
76617 0.313339041798
74511 0.872023809524
71613 0.804804170189
76027 0.0825892857143
61773 0.216666666667
75968 0.166666666667
74701 0.95
75921 0.166666666667
76639 0.511103479853
71545 0.61130952381
71606 0.78489010989
71611 0.759577228327
71547 0.890160765161
75930 0.503401360544
74786 0.919312169312
71616 0.705026455026
74707 0.746527777778
75960 0.75
71612 0.774470899471
76595 0.880555555556
71544 0.9125
71618 0.981481481481
83518 0.589285714286
72976 0.313339041798
71528 0.76683964184
75861 0.813988095238
71602 0.69474969475
71598 0.652968559219
75969 0.625
75224 0.655048500882
76402 0.313339041798
75903 0.313339041798
71532 0.739392551893
76352 0.291666666667
83527 0.541666666667
76059 0.305555555556
71533 0.662897999436
76018 0.19494047619
75970 0.333333333333
75955 0.313339041798
74614 0.763258765044
76603 0.73549382716
71538 0.727480852481
76605 0.732624213393
76593 0.468525102349
71614 0.57017982018
83520 0.403174603175
82385 0.313339041798
71599 0.911458333333
76014 0.247435897436
75131 0.907596371882
71609 0.782083987441
61777 0.880074786325
74766 0.677476118653
75931 0.541666666667
75910 0.677579365079
74740 0.713928571429
83526 0.638888888889
75975 0.313339041798
76045 0.9
71539 0.785485347985
71604 0.857142857143
75917 0.718482905983
53589 0.166666666667
71603 0.811492673993
76009 0.0178571428571
71605 0.655952380952
76613 0.929067460317
71542 0.774175824176
71608 0.824134199134
64692 0.416666666667
75239 0.891176470588
75899 0.166666666667
65033 0.804388422035
76589 0.829975579976
76016 0.3125
75972 0.275793650794
76173 0.313339041798
76640 0.883333333333
71535 0.769574175824
71541 0.733630952381
76312 0.500992063492
73025 0.119047619048
63839 0.313339041798
83517 0.583333333333
69314 0.711086309524
71534 0.801625457875
76056 0.25
74800 0.9125
75926 0.0833333333333
74608 0.650203500204
76851 0.842151675485
80346 0.971781305115
75973 0.25744047619
71607 0.950197238659
65211 0.5
76652 0.834761904762
57908 0.904945054945
