64866 0.323950578088
79976 0.25
70777 0.52
61983 0.64
81357 0.323950578088
79848 0.8
62715 0.167942176871
62470 0.781318681319
53118 0.05
73340 0.727922077922
78184 0.323950578088
73318 0.877922077922
70298 0.804166666667
61631 0.748639455782
62328 0.148958333333
79971 0.9375
79813 0.8
70863 0.625
81475 0.323950578088
71580 0.766666666667
70925 0.323950578088
70797 0.75
70865 0.75
79842 0.735714285714
62095 0.77746031746
70843 0.583333333333
52593 0.73125
59269 0.323950578088
61608 0.765909090909
74314 0.657993197279
70260 0.410714285714
79967 0.75
70785 0.625
52687 0.880357142857
73488 0.525595238095
70766 0.8875
72117 0.667857142857
78173 0.323950578088
79491 0.323950578088
81369 0.323950578088
75254 0.510317460317
80216 0.323950578088
79830 0.323950578088
72047 0.9
76033 0.75
71623 0.771428571429
79854 0.809523809524
54440 0.633333333333
71634 0.275641025641
54558 0.459523809524
54336 0.0857142857143
70836 0.916666666667
74354 0.716666666667
80904 0.323950578088
70826 0.81
54538 0.461904761905
62023 0.127655677656
78385 0.323950578088
70783 0.666666666667
75216 0.744047619048
81345 0.323950578088
61880 0.883766233766
62689 0.860813492063
70772 0.8125
75367 0.75
81996 0.323950578088
81422 0.323950578088
70778 0.77
61773 0.316666666667
79497 0.323950578088
64865 0.352380952381
74764 0.933333333333
74701 0.95
70835 0.875
62052 0.683588435374
70293 0.512962962963
79820 0.323950578088
74881 0.96
70306 0.666666666667
79835 0.531428571429
53210 0.494444444444
73358 0.774166666667
74747 0.713095238095
72123 0.69246031746
70864 0.75
75285 0.26875
61981 0.86
70283 0.621428571429
74763 0.751322751323
79807 0.323950578088
62060 0.322420634921
81379 0.45
79484 0.323950578088
70935 0.323950578088
71579 0.392857142857
81411 0.323950578088
54331 0.0916666666667
73347 0.814761904762
79430 0.323950578088
79823 0.75
78370 0.323950578088
70317 0.628787878788
70249 0.680555555556
62722 0.795833333333
70926 0.2
81346 0.678571428571
74799 0.857142857143
71783 0.604464285714
61974 0.701406926407
71557 0.9
78157 0.323950578088
71622 0.685897435897
73832 0.632936507937
62010 0.547420634921
70786 0.9
81924 0.775
81857 0.625
75372 0.761904761905
78368 0.323950578088
74408 0.827083333333
80218 0.323950578088
79833 0.323950578088
62014 0.898015873016
62275 0.485582010582
66298 0.801984126984
62074 0.475476190476
67037 0.777857142857
56748 0.323950578088
70326 0.791428571429
70248 0.778869047619
66311 0.834981684982
74711 0.916666666667
54555 0.323950578088
69313 0.784375
71908 0.905555555556
71415 0.323950578088
62289 0.692857142857
71591 0.330357142857
75209 0.389054232804
82755 0.4
75249 0.700892857143
70300 0.842063492063
79840 0.323950578088
70847 0.75
72291 0.25
70930 0.8
71586 0.54
75210 0.541156462585
55196 0.889285714286
75246 0.688095238095
74746 0.666666666667
70263 0.841666666667
54651 0.219444444444
54619 0.323950578088
71636 0.323950578088
62011 0.568080357143
70860 0.9
79965 0.525
78285 0.323950578088
73335 0.906666666667
61972 0.382857142857
67019 0.554444444444
72105 0.25
71624 0.8
62441 0.833333333333
52658 0.485714285714
80213 0.323950578088
81418 0.625
78161 0.323950578088
73303 0.763305322129
79485 0.323950578088
54327 0.25
54030 0.775396825397
70314 0.502936507937
52040 0.683333333333
70846 0.75
81365 0.323950578088
64613 0.177777777778
70779 0.51
74397 0.819696969697
62109 0.33125
82075 0.1
62511 0.580303030303
75368 0.747023809524
75224 0.655048500882
62108 0.633333333333
79839 0.5875
70790 0.866666666667
66340 0.867142857143
54612 0.419642857143
75365 0.928571428571
80771 0.323950578088
62272 0.766369047619
56330 0.425
54293 0.077380952381
62005 0.452564102564
78369 0.323950578088
62064 0.856051587302
62073 0.888888888889
70832 0.71
61882 0.606994047619
66301 0.476530612245
81472 0.9
79496 0.323950578088
62050 0.7875
62285 0.757142857143
66312 0.685813492063
74349 0.9
74943 0.9
74784 0.87619047619
62688 0.440136054422
61689 0.652142857143
52588 0.625
62099 0.414732142857
74552 0.786111111111
54640 0.785714285714
70319 0.693353174603
54318 0.428571428571
62283 0.198979591837
80783 0.625
78158 0.323950578088
74737 0.79873015873
75753 0.609722222222
61975 0.711139455782
75229 0.84387755102
79808 0.323950578088
74545 0.752040816327
79829 0.323950578088
79425 0.323950578088
73322 0.840714285714
73599 0.779166666667
71637 0.9
73355 0.452738095238
79809 0.323950578088
61982 0.186904761905
79422 0.323950578088
75366 0.56746031746
53802 0.894444444444
61876 0.690211640212
81998 0.323950578088
81766 0.323950578088
73307 0.856845238095
78272 0.323950578088
54337 0.142857142857
70845 0.8125
52659 0.845476190476
78160 0.323950578088
52604 0.366666666667
73344 0.663461538462
71587 0.125
71061 0.912012987013
62012 0.8
54613 0.261904761905
70782 0.875
73311 0.593722943723
70844 0.35
70924 0.2
67040 0.394973544974
75369 0.541666666667
79966 0.87
73703 0.95
73308 0.7575
81342 0.9
81424 0.7
73367 0.799744897959
72114 0.791666666667
79490 0.323950578088
61857 0.634722222222
62730 0.541592261905
61980 0.636446886447
70318 0.69619047619
62072 0.676007326007
81327 0.130952380952
78174 0.323950578088
79816 0.6
71418 0.8
73468 0.834615384615
62286 0.152272727273
75245 0.76341991342
62066 0.269285714286
54611 0.161904761905
70831 0.833333333333
73343 0.768518518519
54557 0.419642857143
81385 0.525
52587 0.31875
62006 0.611666666667
79838 0.875
74942 0.620833333333
52609 0.391666666667
52589 0.80625
52592 0.175
78362 0.323950578088
75542 0.691666666667
61995 0.913095238095
79111 0.323950578088
76593 0.503819219996
74760 0.5
54317 0.446428571429
71570 0.8
79826 0.675
71562 0.323950578088
59262 0.323950578088
74344 0.871428571429
70252 0.725297619048
81471 0.9
70789 0.375
70791 0.641666666667
70312 0.670833333333
71626 0.357478632479
62692 0.358974358974
56460 0.488095238095
73591 0.86378968254
72059 0.871957671958
54320 0.0555555555556
62022 0.447916666667
74794 0.85625
70931 0.323950578088
70286 0.721428571429
70769 0.6875
62274 0.490816326531
71588 0.75
70279 0.900476190476
70871 0.833333333333
73600 0.933333333333
61875 0.551322751323
71726 0.85
72127 0.619047619048
74363 0.617592592593
74282 0.947916666667
79427 0.323950578088
74766 0.642182001006
70929 0.6
81341 0.738095238095
79602 0.323950578088
73368 0.414583333333
71914 0.347222222222
62731 0.677106227106
52605 0.71875
64619 0.0714285714286
70264 0.311011904762
70933 0.6
61999 0.884444444444
54637 0.047619047619
62061 0.323950578088
62078 0.781746031746
62007 0.747619047619
62062 0.763988095238
71584 0.133333333333
61855 0.320502645503
61977 0.46626984127
79487 0.323950578088
72052 0.633035714286
54543 0.785714285714
70792 0.875
62717 0.222936507937
79837 0.683333333333
71086 0.323950578088
62710 0.85637755102
80506 0.323950578088
73302 0.75
73327 0.27037037037
70838 0.75
71575 0.2375
62008 0.665659340659
62019 0.728996598639
79488 0.323950578088
74792 0.815714285714
62402 0.833035714286
54628 0.452380952381
61907 0.490306122449
73043 0.5
73701 0.846577380952
79827 0.775
79810 0.9
70869 0.875
61683 0.925797241974
66315 0.92
73682 0.719494047619
62015 0.592361111111
66306 0.725
61614 0.764285714286
78510 0.323950578088
71431 0.323950578088
70780 0.826666666667
72909 0.333333333333
71996 0.75
59266 0.4
79493 0.323950578088
62711 0.640699404762
62691 0.757936507937
62690 0.753968253968
70932 0.323950578088
62028 0.755952380952
61874 0.688888888889
79857 0.323950578088
74793 0.7
52598 0.96875
79980 0.75
54024 0.166666666667
54335 0.21746031746
74801 0.5
71736 0.674175824176
72290 0.323950578088
71550 0.4
62071 0.70347985348
79716 0.323950578088
79851 0.9
52591 0.8125
52606 0.6375
81358 0.323950578088
70773 0.555555555556
70928 0.6
61677 0.746875
79492 0.323950578088
74318 0.730555555556
73359 0.840714285714
66343 0.604047619048
74290 0.845238095238
70839 0.8375
55856 0.833134920635
54535 0.509523809524
56496 0.197916666667
79836 0.323950578088
75289 0.839285714286
71561 0.323950578088
75370 0.583333333333
61984 0.334157509158
71427 0.8875
61978 0.752513227513
75754 0.783333333333
62686 0.84652014652
79986 0.625
79844 0.323950578088
73304 0.705357142857
71589 0.777777777778
66350 0.74
70829 0.95
61987 0.575
75239 0.879411764706
81415 0.75
71779 0.125148809524
74765 0.520833333333
75215 0.708333333333
62712 0.346666666667
78356 0.323950578088
82724 0.323950578088
65033 0.804388422035
79984 0.9
74312 0.65
79421 0.323950578088
70828 0.742857142857
81988 0.323950578088
62025 0.302106227106
81426 0.55
70775 0.775
79983 0.323950578088
79978 0.6875
78175 0.323950578088
74368 0.75
81375 0.323950578088
73299 0.860081585082
71950 0.714285714286
62708 0.396428571429
61988 0.827056277056
78169 0.323950578088
62693 0.523051948052
67018 0.381746031746
81994 0.4
79600 0.323950578088
79831 0.323950578088
71631 0.75
74875 0.820535714286
53190 0.877083333333
62684 0.308015873016
69316 0.587755102041
62059 0.550595238095
52608 0.74375
70861 0.8125
84086 0.416666666667
71554 0.9
52647 0.508333333333
82552 0.323950578088
71421 0.6
71581 0.75
79482 0.323950578088
71639 0.670352564103
79856 0.323950578088
79832 0.323950578088
61997 0.6875
66305 0.479591836735
62709 0.682993197279
70999 0.305555555556
62026 0.795238095238
79824 0.323950578088
81420 0.323950578088
70262 0.521875
78266 0.323950578088
71578 0.783333333333
54664 0.125
70764 0.458333333333
69314 0.686086309524
70927 0.8
79811 0.625
79852 0.781428571429
70787 0.8125
81361 0.625
62054 0.5
81414 0.75
74789 0.65
72053 0.692857142857
71592 0.633333333333
62713 0.624851190476
62001 0.73125
79812 0.919642857143
74371 0.854761904762
79499 0.323950578088
73352 0.498958333333
54904 0.869047619048
61979 0.814285714286
54539 0.515873015873
61993 0.806101190476
66345 0.386666666667
54976 0.3125
73821 0.911904761905
52595 0.60625
79428 0.323950578088
61861 0.572261904762
75377 0.444444444444
78171 0.323950578088
70830 0.933333333333
62707 0.467063492063
70840 0.626666666667
74805 0.572619047619
70862 0.666666666667
73330 0.807653061224
74299 0.625
54333 0.121428571429
70870 0.625
73324 0.846984126984
74608 0.64067969068
79972 0.916666666667
74611 0.813650793651
84445 0.525
70827 0.75
62027 0.724047619048
70289 0.833333333333
78276 0.323950578088
79979 0.75
62069 0.797767857143
78366 0.323950578088
81362 0.9
71935 0.62380952381
73331 0.840646258503
71031 0.789523809524
72068 0.536904761905
70324 0.669047619048
74774 0.747222222222
62342 0.802040816327
79853 0.9
70299 0.78246031746
71583 0.727777777778
71571 0.544444444444
56456 0.142857142857
62016 0.684183673469
52648 0.723511904762
71630 0.584935897436
78163 0.323950578088
71568 0.323950578088
70290 0.806802721088
62694 0.858035714286
70934 0.323950578088
62053 0.502777777778
81859 0.323950578088
79855 0.323950578088
61989 0.933333333333
61685 0.782738095238
75231 0.484013605442
70311 0.658333333333
70776 0.416666666667
66308 0.830654761905
71633 0.9
