74882 0.799603174603
79848 0.6
75208 0.3
72410 0.808333333333
73318 0.841558441558
70298 0.754166666667
61631 0.748639455782
74759 0.8
62328 0.173958333333
79813 0.9
62719 0.822448979592
71580 0.833333333333
79842 0.869047619048
62095 0.764126984127
70282 0.512202380952
52593 0.73125
70771 0.75
61608 0.747727272727
79841 0.9
52687 0.880357142857
70766 0.8375
61687 0.841941391941
71623 0.771428571429
79854 0.742857142857
54558 0.52619047619
54336 0.0857142857143
54538 0.328571428571
62023 0.0968864468864
61880 0.865584415584
73503 0.316167207989
81425 0.316167207989
74387 0.625
73350 0.760799319728
65038 0.808928571429
54662 0.316167207989
64865 0.396825396825
62052 0.655017006803
61973 0.795535714286
74881 0.92
62732 0.65119047619
79835 0.451428571429
74747 0.693095238095
75285 0.29375
62718 0.807936507937
70283 0.592857142857
62060 0.305753968254
81379 0.55
62721 0.574702380952
54331 0.0416666666667
73332 0.895833333333
70249 0.680555555556
52778 0.75
62722 0.815833333333
70926 0.8
61974 0.719588744589
71622 0.619230769231
73832 0.655158730159
52610 0.541666666667
81924 0.875
81473 0.316167207989
74408 0.852083333333
70254 0.515306122449
62729 0.850850340136
62014 0.898015873016
62275 0.507804232804
66298 0.801984126984
79821 0.75
62074 0.455476190476
81360 0.316167207989
70248 0.795535714286
66311 0.850366300366
54555 0.316167207989
70297 0.725274725275
62289 0.572857142857
82755 0.8
79968 0.316167207989
70930 0.6
71586 0.54
55196 0.889285714286
70263 0.827380952381
54651 0.152777777778
54619 0.0666666666667
62331 0.152551020408
54562 0.428571428571
62011 0.568080357143
73356 0.38137755102
79965 0.325
73335 0.893333333333
74322 0.771428571429
61972 0.382857142857
70952 0.775
61867 0.407575757576
61985 0.371428571429
62441 0.833333333333
56527 0.316167207989
81418 0.425
73303 0.739775910364
54327 0.25
54030 0.753174603175
70314 0.489603174603
74397 0.819696969697
62109 0.38125
82075 0.3
73366 0.366666666667
62511 0.562121212121
75224 0.666159611993
62108 0.7
62055 0.884126984127
61678 0.834821428571
66340 0.887142857143
54612 0.419642857143
70268 0.407738095238
74309 0.764682539683
70834 0.91
56330 0.525
54293 0.077380952381
62005 0.467948717949
61882 0.581994047619
66301 0.476530612245
81472 0.9
62050 0.8125
71009 0.3
62285 0.712698412698
81355 0.75
66312 0.635813492063
62327 0.575510204082
52588 0.425
62099 0.389732142857
74552 0.802777777778
62283 0.170408163265
74737 0.79873015873
75753 0.626388888889
61975 0.725425170068
75229 0.84387755102
73599 0.754166666667
62017 0.767261904762
53802 0.872222222222
81378 0.75
70808 0.1
73307 0.823511904762
75253 0.353571428571
52659 0.845476190476
71576 0.375
52604 0.433333333333
71061 0.912012987013
66341 0.814583333333
54613 0.261904761905
73311 0.575541125541
79849 0.9
70924 0.2
73703 0.95
62720 0.25
73308 0.7575
81424 0.5
73367 0.828316326531
66300 0.8875
61857 0.601388888889
61980 0.605677655678
70318 0.682857142857
62072 0.676007326007
62024 0.764047619048
73357 0.609183673469
79816 0.8
62286 0.134090909091
74883 0.858333333333
54611 0.161904761905
81385 0.525
52587 0.36875
62006 0.611666666667
74942 0.620833333333
52609 0.391666666667
52589 0.80625
52592 0.225
61976 0.63125
75542 0.758333333333
76593 0.515583925878
61869 0.253412698413
81372 0.5
79826 0.875
74344 0.871428571429
70252 0.675297619048
74725 0.210714285714
81471 0.9
71626 0.290811965812
62692 0.312820512821
73822 0.725
72059 0.827513227513
74794 0.85625
70769 0.6375
62274 0.405102040816
70279 0.887142857143
73600 0.9
73601 0.661904761905
79981 0.316167207989
71023 0.6
71638 0.468795787546
74282 0.947916666667
64625 0.25
74766 0.653946706888
79850 0.701428571429
70929 0.9
79847 0.9
62731 0.707875457875
52605 0.66875
70933 0.8
81885 0.9
61999 0.871111111111
61554 0.316167207989
62061 0.316167207989
70269 0.25
69872 0.890714285714
62273 0.722857142857
62062 0.738988095238
71584 0.2
61977 0.444047619048
62680 0.510204081633
72052 0.608035714286
62717 0.209603174603
79837 0.616666666667
62710 0.85637755102
73327 0.225925925926
62008 0.665659340659
62019 0.700425170068
81427 0.316167207989
55627 0.375
54650 0.285714285714
61907 0.51887755102
61986 0.732467532468
74321 0.874267399267
73701 0.821577380952
54648 0.208333333333
79827 0.775
62683 0.780017006803
61683 0.914032536091
73682 0.744494047619
62015 0.609027777778
66306 0.691666666667
61614 0.789285714286
62013 0.140873015873
59266 0.4
71016 0.238095238095
62711 0.628199404762
62690 0.753968253968
79964 0.316167207989
62028 0.741666666667
61998 0.52996031746
74308 0.380555555556
52598 0.91875
66302 0.853205128205
54335 0.284126984127
62071 0.718864468864
79851 0.9
73325 0.745604395604
52591 0.7125
52606 0.5875
72063 0.644444444444
81370 0.316167207989
70928 0.4
74318 0.730555555556
73359 0.827380952381
66343 0.644047619048
74290 0.827056277056
74749 0.576640720391
55856 0.799801587302
61681 0.789285714286
54535 0.509523809524
56496 0.222916666667
61978 0.796957671958
75754 0.783333333333
73304 0.705357142857
71589 0.677777777778
66350 0.78
61987 0.725
75239 0.891176470588
79984 0.9
62025 0.302106227106
81426 0.55
62051 0.720734126984
75252 0.668367346939
53950 0.708333333333
61629 0.687554112554
73299 0.8418997669
61688 0.777142857143
81994 0.9
79970 0.776785714286
54623 0.142857142857
74875 0.795535714286
54653 0.166666666667
62684 0.348015873016
69316 0.559183673469
62059 0.533928571429
52608 0.84375
70259 0.438095238095
52647 0.475
71581 0.71
74802 0.316167207989
74715 0.836734693878
71639 0.645352564103
66305 0.422448979592
54654 0.316167207989
54541 0.214285714286
62709 0.71156462585
81364 0.9
70999 0.372222222222
69762 0.657142857143
62026 0.795238095238
61878 0.457142857143
73363 0.585476190476
70262 0.509375
71578 0.783333333333
69314 0.686086309524
70927 0.8
79811 0.625
79852 0.781428571429
62054 0.433333333333
74789 0.75
72053 0.692857142857
62713 0.599851190476
62001 0.73125
79812 0.919642857143
73352 0.423958333333
61993 0.781101190476
54976 0.5125
52595 0.55625
81376 0.316167207989
61861 0.552261904762
62707 0.45373015873
70649 0.316167207989
74805 0.622619047619
73330 0.779081632653
54333 0.0714285714286
73324 0.860317460317
73333 0.734722222222
74608 0.650203500204
70251 0.798333333333
79972 0.783333333333
73349 0.748095238095
84445 0.525
62027 0.724047619048
62069 0.797767857143
74320 0.66619047619
70284 0.74708994709
70324 0.669047619048
62342 0.830612244898
79853 0.8
56456 0.142857142857
70290 0.806802721088
62694 0.845535714286
71582 0.619523809524
73702 0.742176870748
75231 0.512585034014
66308 0.830654761905
