53125 0.0714285714286
65037 0.827857142857
61983 0.68
62715 0.196513605442
73340 0.746103896104
73318 0.85974025974
61865 0.333333333333
53331 0.333333333333
74973 0.322970371626
74402 0.75
62049 0.576587301587
74292 0.6625
53395 0.541666666667
66310 0.378896103896
53402 0.9
74294 0.916666666667
62018 0.44
66320 0.165277777778
62095 0.804126984127
53228 0.522222222222
53187 0.573412698413
70282 0.545535714286
61608 0.729545454545
70265 0.322970371626
70260 0.435714285714
75213 0.666666666667
74293 0.665178571429
73488 0.568452380952
53241 0.678571428571
74370 0.625
79854 0.742857142857
74354 0.85
73305 0.647023809524
74378 0.5
61880 0.92012987013
74367 0.694444444444
73350 0.775085034014
71948 0.625
55132 0.906802721088
74764 0.933333333333
72411 0.75
73467 0.769444444444
62052 0.669302721088
61973 0.870535714286
70293 0.57962962963
70306 0.733333333333
62732 0.65119047619
74747 0.753095238095
62718 0.74126984127
59700 0.8125
70283 0.65
53391 0.708333333333
54343 0.724319727891
62060 0.339087301587
62721 0.624702380952
73347 0.814761904762
70317 0.665151515152
70256 0.666666666667
70272 0.195833333333
62722 0.815833333333
51822 0.9
74974 0.322970371626
62010 0.564087301587
74379 0.25
74408 0.852083333333
52068 0.541666666667
62014 0.898015873016
64510 0.568518518519
66298 0.815317460317
62074 0.475476190476
67037 0.757857142857
70326 0.831428571429
70248 0.778869047619
66311 0.865750915751
70297 0.725274725275
72796 0.416666666667
70300 0.875396825397
76666 0.5
52018 0.416666666667
70263 0.813095238095
55120 0.309523809524
62011 0.555580357143
73356 0.395663265306
74361 0.541666666667
53400 0.833333333333
73335 0.92
74322 0.804761904762
61972 0.369523809524
67019 0.554444444444
61867 0.389393939394
74971 0.236054421769
73303 0.763305322129
70314 0.51626984127
52040 0.711904761905
53389 0.833333333333
74397 0.856060606061
70307 0.791666666667
62511 0.616666666667
70287 0.151360544218
62055 0.906349206349
79839 0.5875
66340 0.887142857143
53394 0.875
62005 0.483333333333
76671 0.25
70316 0.322970371626
53227 0.824761904762
62064 0.889384920635
61882 0.606994047619
74291 0.25
66301 0.505102040816
66299 0.778869047619
66312 0.685813492063
73362 0.439285714286
73469 0.366071428571
61689 0.692142857143
62099 0.339732142857
70320 0.801587301587
84528 0.25
70319 0.726686507937
74737 0.825396825397
61975 0.725425170068
62326 0.95
62736 0.25
73322 0.800714285714
73355 0.512738095238
62017 0.779761904762
73336 0.75
66313 0.666666666667
52106 0.9
61876 0.779100529101
73360 0.75
73306 0.5
73344 0.694230769231
72412 0.5
71061 0.912012987013
70315 0.588988095238
53401 0.9
66341 0.864583333333
81770 0.322970371626
62012 0.8
61881 0.544642857143
67040 0.46164021164
79966 0.87
62720 0.25
73308 0.8175
84535 0.25
81424 0.6
73367 0.842602040816
55681 0.5
74352 0.322970371626
70355 0.322970371626
84509 0.75
62730 0.591592261905
70318 0.69619047619
62072 0.676007326007
62024 0.784047619048
62058 0.0833333333333
73468 0.85
62277 0.716137566138
74883 0.858333333333
62066 0.229285714286
73328 0.322970371626
53397 0.322970371626
74296 0.75
74377 0.634821428571
62006 0.671666666667
64651 0.344444444444
62687 0.45
61995 0.896428571429
76593 0.492054514113
71913 0.25
61869 0.226746031746
74374 0.75
84466 0.5
74344 0.888095238095
70252 0.691964285714
70312 0.720833333333
62692 0.297435897436
74300 0.322970371626
53399 0.791666666667
66307 0.5
62022 0.497916666667
74395 0.5
53923 0.322970371626
76684 0.322970371626
70279 0.900476190476
53396 0.916666666667
73351 0.583333333333
53392 0.833333333333
61875 0.595767195767
74363 0.684259259259
79850 0.821428571429
74310 0.944444444444
64737 0.964285714286
73369 0.670436507937
73368 0.464583333333
62731 0.692490842491
74338 0.5
61999 0.884444444444
84521 0.322970371626
57654 0.291666666667
62061 0.322970371626
70269 0.35
62007 0.783982683983
52054 0.916666666667
64647 0.05
62062 0.788988095238
61855 0.364947089947
62680 0.510204081633
74351 0.322970371626
79837 0.683333333333
62710 0.870663265306
57909 0.852678571429
53523 0.208333333333
73327 0.27037037037
70285 0.5
62008 0.665659340659
75548 0.5
62402 0.883035714286
61907 0.504591836735
61986 0.750649350649
74321 0.905036630037
66315 0.96
70275 0.583333333333
62015 0.609027777778
84485 0.75
74317 0.66
74381 0.322970371626
62013 0.180873015873
62009 0.440327380952
72415 0.322970371626
62711 0.640699404762
62690 0.767301587302
53108 0.324603174603
62021 0.333333333333
62028 0.770238095238
73319 0.858333333333
70255 0.90306122449
74308 0.380555555556
61874 0.622222222222
76668 0.5
85035 0.322970371626
70323 0.566666666667
74343 0.75
53398 0.541666666667
62071 0.718864468864
73320 0.640714285714
73325 0.776373626374
70336 0.791428571429
70250 0.9
62716 0.633333333333
77725 0.864583333333
74318 0.797222222222
53252 0.9
73359 0.827380952381
66343 0.664047619048
73473 0.9
74749 0.609974053724
61681 0.875
74302 0.125
74325 0.447222222222
74298 0.9
61984 0.318772893773
61978 0.752513227513
73304 0.725357142857
75239 0.902941176471
53503 0.9
74380 0.75
73339 0.322970371626
62712 0.386666666667
74312 0.65
53148 0.75
74289 0.767857142857
53181 0.64619047619
61629 0.723917748918
73299 0.878263403263
62708 0.367857142857
61988 0.827056277056
67018 0.381746031746
61688 0.837142857143
73342 0.25
62684 0.334682539683
70259 0.478095238095
62077 0.472883597884
74328 0.808333333333
61862 0.316666666667
62734 0.868181818182
66305 0.508163265306
66342 0.35
74392 0.375
62026 0.845238095238
62679 0.5
61878 0.542857142857
73363 0.525476190476
70262 0.534375
84501 0.322970371626
73820 0.322970371626
53493 0.9
53390 0.666666666667
62054 0.533333333333
53202 0.5
77781 0.333333333333
62713 0.624851190476
79812 0.919642857143
74371 0.883333333333
73352 0.473958333333
61979 0.871428571429
53393 0.916666666667
74800 0.8875
66345 0.426666666667
74305 0.322970371626
61861 0.552261904762
62707 0.467063492063
73330 0.807653061224
73324 0.846984126984
73333 0.768055555556
84426 0.5
70251 0.758333333333
74326 0.796547619048
66314 0.810912698413
84475 0.5
73349 0.761428571429
62714 0.791534391534
62027 0.744047619048
74364 0.75
62069 0.822767857143
71935 0.490476190476
61996 0.5
73331 0.840646258503
74320 0.66619047619
70284 0.813756613757
70324 0.687229437229
53546 0.583333333333
53500 0.9
66304 0.698511904762
70299 0.795793650794
74348 0.625
72417 0.25
70349 0.9
70302 0.675
73316 0.125
62016 0.712755102041
69763 0.647619047619
74327 0.416666666667
62694 0.870535714286
74355 0.75
53535 0.805555555556
70266 0.61746031746
73371 0.559523809524
66308 0.830654761905
