62407 0.25
64576 0.75
63841 0.276478676914
62369 0.276478676914
64503 0.25
64915 0.276478676914
56825 0.276478676914
63842 0.276478676914
64636 0.375
65005 0.276478676914
64722 0.276478676914
64494 0.25
64500 0.25
58035 0.5
56816 0.276478676914
64732 0.276478676914
61934 0.5
62378 0.276478676914
64506 0.276478676914
64588 0.25
57913 0.276478676914
64974 0.75
61827 0.276478676914
57914 0.276478676914
59968 0.276478676914
64928 0.25
62368 0.276478676914
58470 0.276478676914
64930 0.276478676914
64735 0.276478676914
64578 0.5
62777 0.276478676914
64590 0.5
64990 0.276478676914
64575 0.9
61770 0.276478676914
68040 0.276478676914
62412 0.276478676914
63840 0.25
64712 0.333333333333
64565 0.9
64718 0.5
62406 0.5
64711 0.276478676914
63844 0.276478676914
64730 0.5
56808 0.276478676914
68578 0.276478676914
64978 0.75
56820 0.276478676914
62349 0.276478676914
64724 0.276478676914
60308 0.25
64880 0.276478676914
64736 0.276478676914
62376 0.276478676914
58493 0.276478676914
59917 0.5
62771 0.276478676914
64496 0.25
64729 0.75
64631 0.375
65347 0.276478676914
64566 0.9
63833 0.25
63835 0.276478676914
64587 0.276478676914
62405 0.276478676914
63843 0.276478676914
64495 0.276478676914
63826 0.75
64615 0.315476190476
59259 0.25
64721 0.276478676914
64920 0.25
63825 0.276478676914
58093 0.276478676914
64340 0.25
62857 0.276478676914
64501 0.276478676914
65197 0.276478676914
64567 0.75
64585 0.276478676914
64499 0.75
58088 0.75
64719 0.5
64717 0.5
64868 0.276478676914
62778 0.276478676914
64592 0.5
64584 0.276478676914
56830 0.276478676914
64723 0.75
64572 0.9
64497 0.5
55815 0.5
62377 0.276478676914
64932 0.276478676914
64745 0.276478676914
64647 0.05
64976 0.25
64568 0.9
64569 0.9
58498 0.276478676914
64580 0.75
62350 0.276478676914
59965 0.25
64917 0.276478676914
64914 0.5
56829 0.9
64924 0.75
64591 0.75
65200 0.276478676914
56784 0.276478676914
56821 0.276478676914
64999 0.9
61833 0.276478676914
64571 0.5
64579 0.75
62382 0.276478676914
64879 0.9
58039 0.5
59922 0.5
64715 0.276478676914
55805 0.25
62351 0.276478676914
65571 0.75
63832 0.276478676914
57785 0.276478676914
64733 0.25
64918 0.25
64878 0.276478676914
64586 0.5
64498 0.276478676914
64627 0.5
65216 0.276478676914
64912 0.276478676914
61700 0.276478676914
62381 0.276478676914
65196 0.276478676914
59967 0.25
64919 0.714285714286
65349 0.276478676914
61932 0.75
61829 0.5
56811 0.276478676914
58038 0.5
56824 0.276478676914
64570 0.75
62353 0.276478676914
57781 0.276478676914
62408 0.276478676914
62385 0.276478676914
64727 0.276478676914
64881 0.276478676914
64726 0.276478676914
62380 0.276478676914
61811 0.276478676914
64926 0.276478676914
64574 0.75
64882 0.75
62410 0.276478676914
56819 0.276478676914
64688 0.276478676914
56780 0.276478676914
64731 0.276478676914
56810 0.276478676914
56832 0.9
56827 0.5
63846 0.25
64581 0.276478676914
64610 0.875
62694 0.895535714286
64706 0.25
