70777 0.52
65037 0.787857142857
55283 0.45
55226 0.4
74021 0.65
62470 0.750549450549
72410 0.741666666667
72906 0.291793743488
75092 0.291793743488
70907 0.638888888889
71024 0.541666666667
71416 0.9
65638 0.8
72297 0.5
81904 0.9
65572 0.6
71285 0.291793743488
55846 0.291793743488
75106 0.291793743488
70818 0.625
71027 0.232142857143
70904 0.6
71735 0.168571428571
74442 0.291793743488
72055 0.354166666667
73983 0.183333333333
72093 0.691156462585
75813 0.291793743488
71461 0.8
72060 0.333333333333
76723 0.291793743488
70826 0.77
74065 0.291793743488
74658 0.225
75635 0.2
65032 0.9
70954 0.833333333333
82096 0.8
70778 0.77
64865 0.285714285714
54356 0.0714285714286
71746 0.9
73816 0.5
76728 0.291793743488
75821 0.291793743488
71424 0.291793743488
74993 0.291793743488
62340 0.611904761905
72298 0.819444444444
72444 0.291793743488
71007 0.5
72537 0.916666666667
70980 0.0833333333333
71783 0.529464285714
71557 0.9
75629 0.291793743488
81897 0.9
70908 0.6875
73832 0.632936507937
58723 0.291793743488
73406 0.291793743488
70811 0.291793743488
62275 0.485582010582
53225 0.103174603175
82088 0.291793743488
69313 0.809375
74681 0.5
71908 0.838888888889
70995 0.219444444444
70537 0.291793743488
71765 0.3
71508 0.2
71456 0.291793743488
75820 0.291793743488
70807 0.75
62331 0.0954081632653
71005 0.583333333333
75094 0.291793743488
74018 0.62
70952 0.775
70938 0.333333333333
72536 0.9
72829 0.111111111111
62441 0.833333333333
65030 0.291793743488
71014 0.738888888889
71747 0.466666666667
70779 0.43
72833 0.370833333333
62511 0.598484848485
74434 0.25
75628 0.8
62472 0.8
62272 0.741369047619
70834 0.95
54412 0.333333333333
70832 0.63
71012 0.291793743488
75058 0.291793743488
71009 0.5
62285 0.712698412698
75633 0.291793743488
71291 0.291793743488
76811 0.2
62327 0.604081632653
62283 0.170408163265
71026 0.660476190476
62326 0.83
71518 0.291793743488
81907 0.291793743488
71817 0.483333333333
73599 0.779166666667
71028 0.616666666667
73495 0.625
70808 0.14
72905 0.833333333333
71457 0.9
70535 0.4
71011 0.510416666667
62465 0.133333333333
81332 0.45
62443 0.674523809524
71763 0.9
75634 0.566666666667
71453 0.2
70552 0.291793743488
71418 0.8
75834 0.291793743488
74509 0.8
62286 0.134090909091
71771 0.466666666667
73826 0.9
70912 0.361111111111
73977 0.566666666667
75831 0.291793743488
73982 0.0833333333333
54345 0.714285714286
75063 0.291793743488
70983 0.616666666667
82234 0.0555555555556
82037 0.8
64509 0.9
82049 0.291793743488
71753 0.8
70791 0.708333333333
73591 0.847123015873
73612 0.291793743488
70748 0.75
72059 0.849735449735
71769 0.75
62274 0.405102040816
70719 0.216666666667
70943 0.826666666667
71020 0.683333333333
71010 0.733333333333
71023 0.72
74489 0.946428571429
70852 0.291793743488
64737 0.935714285714
69872 0.870714285714
62273 0.762857142857
81945 0.8
62444 0.8
55274 0.291793743488
72052 0.583035714286
81893 0.8
62188 0.2
67246 0.291793743488
62339 0.8
62844 0.4
73043 0.42
73682 0.694494047619
74984 0.6
53222 0.534523809524
70546 0.291793743488
82038 0.9
76814 0.2
81934 0.291793743488
71751 0.566666666667
70913 0.933333333333
71782 0.47619047619
71813 0.291793743488
62344 0.8
82044 0.6
71015 0.25
71550 0.6
71569 0.291793743488
70944 0.445833333333
54349 0.285714285714
62191 0.291793743488
71022 0.795238095238
81892 0.9
70839 0.8375
73979 0.483333333333
73995 0.166666666667
71427 0.8375
70816 0.333333333333
62284 0.9
72443 0.291793743488
70950 0.417619047619
70829 0.95
73222 0.45
71779 0.125148809524
82063 0.8
70918 0.8125
72540 0.291793743488
70828 0.702857142857
71006 0.111111111111
59809 0.4
70775 0.775
72300 0.8
75071 0.291793743488
71018 0.615079365079
64508 0.885714285714
75169 0.6
73984 0.4
52439 0.291793743488
76813 0.2
70910 0.291793743488
69316 0.559183673469
71925 0.75
71554 0.6
74518 0.291793743488
69880 0.2
76845 0.291793743488
71421 0.6
62276 0.291793743488
70999 0.338888888889
64989 0.2
69762 0.607142857143
75825 0.291793743488
74222 0.6
71030 0.597222222222
71481 0.291793743488
74024 0.8
72053 0.664285714286
70917 0.655555555556
70909 0.18
55284 0.291793743488
73420 0.291793743488
73821 0.883333333333
71413 0.555555555556
74991 0.2
62119 0.285714285714
76815 0.2
71572 0.291793743488
70830 0.8
70840 0.546666666667
71019 0.721726190476
75631 0.2
76030 0.529166666667
72062 0.291793743488
75806 0.291793743488
71511 0.291793743488
75072 0.291793743488
71021 0.677083333333
71422 0.291793743488
71430 0.291793743488
75060 0.291793743488
55849 0.291793743488
71031 0.749523809524
71902 0.514285714286
62342 0.773469387755
71571 0.344444444444
71767 0.6
74985 0.2
74286 0.916666666667
73702 0.713605442177
72054 0.9
71745 0.733333333333
70916 0.166666666667
