70485 0.25
70451 0.307335731425
65037 0.807857142857
55283 0.55
55226 0.8
64535 0.333333333333
62451 0.539523809524
55782 0.307335731425
71774 0.833333333333
74021 0.55
62470 0.750549450549
53118 0.05
72410 0.741666666667
72906 0.307335731425
62328 0.148958333333
70907 0.505555555556
71416 0.8
55131 0.705555555556
65638 0.9
72297 0.6
62466 0.307335731425
81904 0.8
76816 0.307335731425
70446 0.75
65572 0.6
53228 0.455555555556
71027 0.282142857143
70947 0.833333333333
53230 0.627976190476
70904 0.8
72538 0.833333333333
69771 0.307335731425
71735 0.328571428571
72055 0.454166666667
73983 0.183333333333
72093 0.691156462585
71461 0.6
53113 0.776785714286
72060 0.4
70958 0.307335731425
70479 0.75
74065 0.307335731425
70443 0.75
71766 0.307335731425
69878 0.820535714286
74658 0.225
75635 0.4
65032 0.8
82096 0.8
65038 0.775595238095
55132 0.906802721088
64865 0.352380952381
53199 0.715079365079
54356 0.171428571429
70442 0.75
71746 0.9
76728 0.307335731425
54511 0.669642857143
70447 0.75
70951 0.694444444444
62340 0.589682539683
72298 0.819444444444
70476 0.9
72537 0.916666666667
70980 0.283333333333
82089 0.307335731425
70414 0.25
71783 0.554464285714
81897 0.6
70908 0.6875
73832 0.632936507937
53086 0.215714285714
70811 0.6
56711 0.307335731425
70448 0.25
62275 0.507804232804
64510 0.524074074074
70482 0.75
53077 0.166666666667
69313 0.784375
71908 0.872222222222
70995 0.219444444444
62289 0.652857142857
71765 0.4
71508 0.4
70437 0.9
72555 0.307335731425
72296 0.307335731425
62331 0.152551020408
70406 0.75
74018 0.7
70441 0.9
72536 0.9
53195 0.479166666667
62441 0.904761904762
70489 0.9
71764 0.9
71014 0.738888888889
70421 0.75
71747 0.566666666667
72833 0.470833333333
62511 0.634848484848
75628 0.8
62472 0.8
62272 0.741369047619
53227 0.784761904762
71009 0.4
70428 0.5
62285 0.734920634921
53216 0.9
76811 0.8
53218 0.857142857143
62327 0.575510204082
74508 0.47619047619
55124 0.654761904762
53194 0.894897959184
62330 0.307335731425
62283 0.198979591837
71026 0.700476190476
62326 0.83
70484 0.9
62401 0.307335731425
70475 0.9
71817 0.483333333333
71752 0.9
73599 0.754166666667
71923 0.833333333333
71028 0.616666666667
70808 0.14
71652 0.5
72905 0.833333333333
70427 0.75
71457 0.8
70535 0.4
70440 0.75
71011 0.660416666667
62592 0.307335731425
62465 0.2
81332 0.45
71781 0.450793650794
70412 0.5
73703 0.9
62443 0.714523809524
70422 0.5
65031 0.307335731425
71763 0.9
67247 0.307335731425
75634 0.466666666667
64933 0.307335731425
71453 0.8
53219 0.339285714286
74509 0.7
75819 0.307335731425
62286 0.115909090909
62277 0.73835978836
70409 0.75
71771 0.466666666667
73826 0.9
73977 0.366666666667
73982 0.283333333333
70982 0.166666666667
55356 0.307335731425
62223 0.307335731425
70474 0.75
70983 0.516666666667
76817 0.307335731425
76812 0.307335731425
82234 0.122222222222
82037 0.8
64509 0.9
82049 0.6
71753 0.9
70417 0.5
73822 0.675
72059 0.827513227513
71712 0.75
71769 0.45
62274 0.462244897959
70490 0.75
70719 0.216666666667
73600 0.933333333333
70943 0.746666666667
73601 0.595238095238
71020 0.683333333333
71010 0.866666666667
71023 0.68
53188 0.9
74489 0.946428571429
53121 0.307335731425
72988 0.307335731425
55119 0.0642857142857
64737 0.935714285714
62329 0.628571428571
70481 0.9
81945 0.9
62444 0.8
70997 0.666666666667
73817 0.285714285714
54657 0.307335731425
72052 0.533035714286
81893 0.8
53182 0.0952380952381
70439 0.75
70990 0.307335731425
62188 0.4
82083 0.307335731425
67246 0.307335731425
62339 0.9
62844 0.4
73823 0.2
53192 0.666666666667
71651 0.5
76892 0.307335731425
73701 0.846577380952
69877 0.307335731425
70410 0.9
82372 0.307335731425
74984 0.6
53222 0.634523809524
70546 0.6
82038 0.8
62225 0.307335731425
74989 0.307335731425
76814 0.2
71762 0.666666666667
70436 0.25
71751 0.266666666667
70488 0.307335731425
70913 0.933333333333
71813 0.307335731425
62344 0.9
82044 0.6
74521 0.285714285714
71015 0.25
81944 0.307335731425
70944 0.545833333333
72063 0.711111111111
74284 0.307335731425
71743 0.791666666667
70423 0.25
71022 0.795238095238
81892 0.8
73979 0.583333333333
74940 0.307335731425
71427 0.8375
62284 0.9
72443 0.307335731425
70950 0.457619047619
70486 0.75
73222 0.35
71779 0.125148809524
56553 0.566666666667
82063 0.9
70918 0.7625
65033 0.816153127918
70444 0.25
55128 0.25
71006 0.244444444444
59809 0.4
71017 0.755952380952
72300 0.8
70534 0.307335731425
64508 0.885714285714
75169 0.9
71467 0.75
70477 0.5
53127 0.375
73984 0.4
52439 0.4
76813 0.2
53190 0.902083333333
71654 0.75
69316 0.587755102041
71925 0.75
69880 0.4
53084 0.314285714286
70413 0.5
71768 0.307335731425
70483 0.5
70999 0.338888888889
64989 0.307335731425
69762 0.607142857143
71001 0.277777777778
70415 0.5
76700 0.307335731425
62341 0.780357142857
74222 0.4
72541 0.307335731425
72091 0.583333333333
52796 0.307335731425
72903 0.307335731425
53232 0.392857142857
74024 0.8
72053 0.721428571429
70917 0.455555555556
70909 0.18
70416 0.5
70445 0.25
70407 0.5
70788 0.307335731425
55776 0.307335731425
70940 0.777777777778
73821 0.911904761905
71413 0.622222222222
74991 0.4
62119 0.285714285714
76815 0.9
53102 0.172619047619
71927 0.9
53231 0.657142857143
53126 0.550595238095
53186 0.64126984127
62469 0.775324675325
75631 0.6
76030 0.529166666667
62742 0.5
62532 0.307335731425
70425 0.25
70480 0.5
71031 0.789523809524
72068 0.470238095238
71902 0.580952380952
70587 0.307335731425
62342 0.802040816327
70491 0.25
70438 0.75
71767 0.6
55778 0.307335731425
75630 0.307335731425
70948 0.666666666667
74985 0.4
69763 0.572619047619
69879 0.85
71815 0.333333333333
74286 0.716666666667
73702 0.713605442177
72054 0.9
71745 0.833333333333
72061 0.669642857143
