79976 0.6
77860 0.772907647908
65037 0.812857142857
61983 0.62
73340 0.732467532468
79971 0.7875
62049 0.587698412698
77759 0.940656565657
71690 0.714285714286
52590 0.334811249209
66320 0.123611111111
79842 0.819047619048
62095 0.76746031746
79822 0.334811249209
52593 0.80625
70771 0.85
61608 0.752272727273
79841 0.6
74314 0.729421768707
70260 0.423214285714
79967 0.6
75213 0.635897435897
74293 0.652678571429
73488 0.579166666667
70766 0.7875
61687 0.841941391941
79843 0.334811249209
74511 0.805357142857
79854 0.784523809524
71634 0.392307692308
79969 0.334811249209
75216 0.710714285714
61880 0.865584415584
81996 0.4
82758 0.875
80903 0.535714285714
74764 0.908333333333
73467 0.708333333333
62052 0.712159863946
70293 0.601851851852
77728 0.334811249209
62732 0.66994047619
79835 0.561428571429
71292 0.334811249209
74747 0.723095238095
75285 0.2875
62718 0.782936507937
70283 0.664285714286
74763 0.762433862434
62060 0.334920634921
81379 0.5
79823 0.9
70317 0.678787878788
70249 0.651388888889
62722 0.850833333333
81336 0.410714285714
52594 0.334811249209
81346 0.753571428571
81368 0.334811249209
71622 0.702564102564
52610 0.525
81924 0.9
81857 0.65
70254 0.59387755102
62729 0.850850340136
52068 0.504166666667
64510 0.57962962963
73370 0.84375
66298 0.821984126984
62074 0.495476190476
67037 0.757857142857
70248 0.762202380952
52585 0.75
70297 0.732967032967
71591 0.430357142857
71703 0.142857142857
75249 0.744642857143
74796 0.68538961039
70300 0.842063492063
75210 0.576870748299
75246 0.718095238095
74746 0.866666666667
62011 0.558705357143
75211 0.527777777778
73356 0.409948979592
79965 0.6
73335 0.893333333333
74322 0.738095238095
61972 0.392857142857
67019 0.594444444444
61867 0.443939393939
72105 0.4
61985 0.471428571429
77829 0.66369047619
75747 0.9
80896 0.678571428571
81418 0.8
73303 0.754481792717
70314 0.49626984127
77683 0.626700680272
62109 0.36875
82075 0.4
62511 0.589393939394
77761 0.790476190476
75224 0.671715167549
62055 0.911904761905
81367 0.334811249209
79839 0.6125
61678 0.872321428571
75250 0.831632653061
81412 0.571428571429
70268 0.432738095238
77785 0.984848484848
56330 0.5125
62005 0.514102564103
62064 0.876884920635
77770 0.743303571429
81472 0.8
62050 0.85
62733 0.904761904762
81074 0.732142857143
66312 0.656646825397
62688 0.332993197279
73469 0.357738095238
61689 0.637142857143
52588 0.4875
74552 0.806944444444
80783 0.9
74373 0.702380952381
74737 0.815396825397
75753 0.634722222222
75229 0.815306122449
74545 0.730612244898
52601 0.75
73322 0.850714285714
61982 0.246904761905
62017 0.786011904762
53802 0.927777777778
61876 0.773544973545
81378 0.8
73307 0.844345238095
71576 0.4625
52604 0.633333333333
71587 0.3
71061 0.93474025974
61881 0.519642857143
53982 0.25
73311 0.625541125541
79849 0.9
79966 0.84
81342 0.8
73367 0.799744897959
66300 0.8925
72114 0.723484848485
62730 0.560342261905
62072 0.70293040293
73357 0.637755102041
73468 0.853846153846
62277 0.743915343915
81075 0.75
81417 0.75
75245 0.745238095238
62066 0.244285714286
73343 0.774074074074
81385 0.8
74377 0.622321428571
52587 0.40625
62006 0.621666666667
79838 0.9
52609 0.575
52589 0.70625
52592 0.275
61995 0.879761904762
77731 0.844516594517
76593 0.515583925878
74760 0.52
61869 0.266746031746
79973 0.75
81372 0.6
61851 0.72619047619
79826 0.8
80894 0.357142857143
74344 0.892261904762
70252 0.716964285714
80892 0.928571428571
71626 0.349145299145
62692 0.358974358974
62022 0.435416666667
70286 0.728571428571
70769 0.825
70279 0.920476190476
71726 0.85
71638 0.568795787546
74363 0.706481481481
74282 0.96875
71683 0.334811249209
74766 0.659829059829
72097 0.334811249209
79850 0.801428571429
79847 0.9
81341 0.771428571429
73368 0.433333333333
71914 0.530555555556
62731 0.715567765568
52605 0.66875
70264 0.279761904762
81885 0.9
61999 0.887777777778
62078 0.715079365079
62061 0.334811249209
62007 0.774891774892
77763 0.949134199134
69872 0.875714285714
81366 0.75
71584 0.266666666667
61855 0.387169312169
62680 0.531632653061
62717 0.222936507937
79837 0.783333333333
62710 0.842091836735
77717 0.735119047619
81072 0.607142857143
81416 0.334811249209
71575 0.3375
62008 0.692582417582
71574 0.334811249209
62019 0.753996598639
61907 0.51887755102
61986 0.764285714286
74321 0.874267399267
79827 0.8
62683 0.801445578231
79810 0.9
61683 0.928738418444
81419 0.321428571429
62015 0.621527777778
61614 0.776785714286
62013 0.180873015873
62009 0.509077380952
62711 0.662574404762
62691 0.774603174603
62690 0.757301587302
62028 0.745238095238
61998 0.57996031746
70255 0.874489795918
52598 0.91875
79817 0.334811249209
79980 0.9
66302 0.857051282051
81340 0.334811249209
74801 0.6375
72290 0.6
62071 0.726556776557
79846 0.334811249209
73320 0.655714285714
73325 0.768681318681
52591 0.7125
52606 0.5375
71629 0.605555555556
81073 0.214285714286
73359 0.814047619048
66343 0.654047619048
74290 0.872510822511
71695 0.142857142857
74749 0.643307387057
80888 0.0714285714286
56496 0.191666666667
61984 0.345695970696
62686 0.84652014652
79986 0.675
71589 0.719444444444
72098 0.2
75239 0.894117647059
77729 0.193542568543
81415 0.9
74773 0.440476190476
74765 0.545833333333
75215 0.716666666667
62025 0.29826007326
81426 0.6
79978 0.6875
62051 0.687400793651
61629 0.714826839827
61988 0.831601731602
62693 0.532142857143
67018 0.398412698413
79970 0.789285714286
52056 0.334811249209
74875 0.858035714286
62684 0.361349206349
52080 0.729166666667
62059 0.525595238095
52608 0.86875
71682 0.334811249209
77743 0.725446428571
62077 0.517328042328
71581 0.86
71696 0.334811249209
74715 0.908163265306
71639 0.682852564103
62734 0.859090909091
66305 0.536734693878
70262 0.53125
70764 0.658333333333
69314 0.717336309524
79811 0.9
79852 0.841428571429
77787 0.388167388167
81361 0.875
81414 0.6
71592 0.583333333333
62713 0.649851190476
79812 0.919642857143
73352 0.492708333333
61979 0.785714285714
61993 0.818601190476
66345 0.466666666667
81413 0.334811249209
77719 0.375
52595 0.63125
81071 0.334811249209
62707 0.46373015873
62469 0.798051948052
79825 0.334811249209
74805 0.553869047619
73333 0.718055555556
74608 0.654965404965
79972 0.866666666667
52883 0.75
74326 0.786547619048
66314 0.835912698413
74611 0.830317460317
73349 0.764761904762
62714 0.758201058201
62027 0.774047619048
70289 0.883333333333
79979 0.6
64618 0.333333333333
80884 0.660714285714
70284 0.780423280423
62735 0.71
70324 0.650865800866
77751 0.632936507937
70299 0.799126984127
62016 0.669897959184
52648 0.761011904762
55616 0.5
71630 0.659935897436
62694 0.845535714286
61685 0.788988095238
70311 0.741666666667
66308 0.846279761905
71633 0.9
