52358 0.428571428571
85155 0.30903262332
65037 0.807857142857
62451 0.539523809524
70517 0.5
62715 0.196513605442
70507 0.9
85177 0.30903262332
26787 0.30903262332
52371 0.714285714286
70273 0.238095238095
52359 0.30903262332
85183 0.30903262332
53787 0.666666666667
66310 0.378896103896
55131 0.838888888889
53756 0.666666666667
53205 0.5
62095 0.764126984127
53187 0.640079365079
70282 0.578869047619
52367 0.30903262332
73488 0.568452380952
61687 0.872710622711
55112 0.638888888889
53293 0.9
53247 0.333333333333
53196 0.585317460317
54440 0.633333333333
59999 0.30903262332
62023 0.127655677656
85153 0.30903262332
53961 0.833333333333
53249 0.75
53794 0.944444444444
54018 0.47619047619
73350 0.760799319728
55132 0.878231292517
53199 0.748412698413
53276 0.30903262332
62052 0.655017006803
53161 0.30903262332
71167 0.30903262332
70573 0.30903262332
62732 0.68869047619
52360 0.857142857143
53795 0.25
73358 0.814166666667
53210 0.427777777778
85184 0.30903262332
53799 0.888888888889
85178 0.30903262332
70454 0.30903262332
52357 0.9
85157 0.30903262332
73347 0.814761904762
70317 0.628787878788
70249 0.663888888889
70503 0.75
52374 0.857142857143
62010 0.580753968254
53086 0.255714285714
70254 0.629591836735
62729 0.879421768707
61879 0.0357142857143
53403 0.30903262332
64510 0.612962962963
66298 0.815317460317
67037 0.797857142857
53800 0.444444444444
53248 0.5
70248 0.762202380952
66311 0.850366300366
70297 0.70989010989
52368 0.857142857143
70350 0.75
53798 0.791666666667
70462 0.5
70263 0.79880952381
62011 0.593080357143
73356 0.395663265306
73335 0.893333333333
74322 0.804761904762
52353 0.857142857143
61972 0.39619047619
67019 0.554444444444
61867 0.407575757576
74971 0.26462585034
55176 0.777777777778
53195 0.679166666667
53280 0.125
53291 0.833333333333
52364 0.30903262332
53788 0.583333333333
73303 0.775070028011
70369 0.552380952381
70314 0.489603174603
52733 0.222222222222
53605 0.380952380952
62511 0.598484848485
53792 0.5
70287 0.179931972789
62005 0.483333333333
53253 0.75
53227 0.864761904762
66301 0.447959183673
70351 0.5
72745 0.30903262332
66299 0.728869047619
70508 0.30903262332
53194 0.837755102041
70319 0.71001984127
70500 0.30903262332
61975 0.739710884354
52285 0.666666666667
73322 0.820714285714
74017 0.47619047619
62017 0.767261904762
53786 0.472222222222
53802 0.894444444444
73307 0.823511904762
73256 0.30903262332
53268 0.333333333333
53300 0.30903262332
53290 0.75
55089 0.30903262332
52366 0.571428571429
73344 0.694230769231
52365 0.714285714286
53905 0.166666666667
70463 0.52380952381
85182 0.30903262332
52399 0.571428571429
73262 0.285714285714
70469 0.9
72372 0.30903262332
70509 0.125
73367 0.799744897959
53236 0.928571428571
53240 0.625
66300 0.8675
55265 0.75
70355 0.30903262332
62730 0.579092261905
61980 0.636446886447
70318 0.682857142857
85179 0.30903262332
53254 0.30903262332
73468 0.85
53292 0.30903262332
74345 0.30903262332
62277 0.73835978836
73233 0.333333333333
62066 0.229285714286
70466 0.666666666667
62006 0.611666666667
53962 0.154761904762
53215 0.30903262332
61976 0.63125
53285 0.5
61869 0.226746031746
70577 0.30903262332
71850 0.166666666667
70252 0.708630952381
53793 0.805555555556
72330 0.30903262332
62692 0.34358974359
70279 0.91380952381
73236 0.30903262332
70605 0.30903262332
70502 0.9
74363 0.662037037037
85181 0.30903262332
55119 0.0357142857143
73369 0.670436507937
70337 0.849206349206
73368 0.414583333333
62731 0.707875457875
53251 0.30903262332
61999 0.871111111111
53245 0.30903262332
52363 0.714285714286
70431 0.543650793651
85158 0.30903262332
62717 0.209603174603
53182 0.228571428571
53749 0.5
53305 0.333333333333
73327 0.248148148148
62008 0.681043956044
70338 0.9
62019 0.743282312925
52354 0.714285714286
61907 0.476020408163
74321 0.920421245421
62683 0.780017006803
61683 0.914032536091
62013 0.180873015873
70360 0.30903262332
53312 0.583333333333
53180 0.565476190476
61589 0.5
62711 0.665699404762
62690 0.767301587302
55134 0.928571428571
53108 0.257936507937
62028 0.727380952381
56577 0.25
70604 0.30903262332
70599 0.30903262332
85180 0.30903262332
66302 0.853205128205
85154 0.30903262332
72789 0.875
73320 0.640714285714
73325 0.760989010989
72518 0.30903262332
70336 0.791428571429
73359 0.814047619048
53252 0.9
53217 0.854761904762
70580 0.30903262332
61681 0.789285714286
61984 0.364926739927
70432 0.75
53165 0.30903262332
62686 0.861904761905
73304 0.725357142857
71112 0.75
56553 0.766666666667
53791 0.333333333333
62025 0.302106227106
72552 0.25
53250 0.708333333333
53314 0.9
62051 0.737400793651
53181 0.52619047619
85156 0.30903262332
72371 0.25
70515 0.30903262332
73299 0.860081585082
62693 0.559415584416
53796 0.291666666667
72668 0.559523809524
53190 0.902083333333
62684 0.348015873016
53264 0.30903262332
62059 0.533928571429
53172 0.5
53968 0.30903262332
74328 0.958333333333
61862 0.316666666667
53295 0.75
53307 0.583333333333
62709 0.740136054422
53959 0.392857142857
52616 0.1
53972 0.5
70575 0.30903262332
66342 0.35
53302 0.30903262332
52356 0.857142857143
70262 0.509375
53282 0.25
70465 0.25
52506 0.833333333333
52369 0.9
62713 0.637351190476
70516 0.30903262332
53102 0.239285714286
53231 0.557142857143
53784 0.583333333333
53259 0.30903262332
62707 0.467063492063
53186 0.707936507937
73330 0.793367346939
52352 0.571428571429
73324 0.846984126984
73333 0.718055555556
70501 0.9
70251 0.738333333333
74326 0.756547619048
53117 0.372023809524
66314 0.827579365079
70601 0.30903262332
73349 0.761428571429
53269 0.746031746032
53189 0.792857142857
53986 0.375
73331 0.826360544218
70324 0.687229437229
66304 0.698511904762
70299 0.795793650794
63851 0.666666666667
53209 0.166666666667
52633 0.200132275132
53288 0.541666666667
53983 0.30903262332
53996 0.0714285714286
53310 0.625
62694 0.845535714286
53168 0.30903262332
85159 0.30903262332
70266 0.639682539683
66308 0.843154761905
70257 0.9375
