61983 0.52
52644 0.722222222222
76726 0.25
62715 0.196513605442
73340 0.727922077922
74817 0.875
72410 0.808333333333
55854 0.752380952381
73318 0.841558441558
74759 0.76
62328 0.148958333333
62049 0.576587301587
74292 0.6625
62719 0.879591836735
54531 0.327782225547
66310 0.378896103896
55131 0.772222222222
52042 0.668650793651
72297 0.65
62018 0.44
66320 0.131944444444
52033 0.699404761905
62095 0.77746031746
76585 0.5
70282 0.512202380952
71027 0.282142857143
52638 0.619047619048
74314 0.715136054422
72121 0.781296296296
70260 0.410714285714
74293 0.590178571429
73488 0.554166666667
75751 0.9375
72117 0.667857142857
71735 0.368571428571
75254 0.443650793651
66352 0.847222222222
71623 0.8
54639 0.839285714286
73305 0.71369047619
62023 0.112271062271
74798 0.791666666667
74065 0.327782225547
76601 0.5
70253 0.0833333333333
52672 0.767857142857
74752 0.5
69878 0.820535714286
62689 0.844146825397
74258 0.660714285714
76654 0.875
73350 0.789370748299
65038 0.808928571429
64865 0.374603174603
74701 0.9
73467 0.702777777778
62052 0.683588435374
61973 0.795535714286
74881 0.96
62732 0.65119047619
76639 0.511103479853
73358 0.774166666667
52641 0.6875
75242 0.759259259259
75285 0.29375
62718 0.774603174603
61981 0.86
52667 0.455357142857
62340 0.656349206349
54343 0.667176870748
62060 0.339087301587
62721 0.624702380952
55185 0.5625
70317 0.628787878788
70272 0.195833333333
62722 0.795833333333
76610 0.875
71783 0.654464285714
71557 0.9
73832 0.632936507937
52649 0.813492063492
62010 0.547420634921
62729 0.865136054422
61879 0.0642857142857
62014 0.875793650794
74716 0.5
62275 0.552248677249
62074 0.495476190476
67037 0.757857142857
66311 0.834981684982
69313 0.834375
71908 0.872222222222
70297 0.725274725275
62289 0.692857142857
74796 0.712662337662
70300 0.875396825397
55429 0.327782225547
71586 0.62
71949 0.580357142857
75210 0.569727891156
55196 0.889285714286
76645 0.625
76595 0.820555555556
75246 0.668095238095
72115 0.580357142857
70263 0.813095238095
62331 0.18112244898
62011 0.580580357143
73356 0.367091836735
73335 0.893333333333
54527 0.327782225547
61972 0.382857142857
67019 0.581111111111
61867 0.407575757576
76647 0.75
71624 0.8
61985 0.421428571429
62441 0.833333333333
52658 0.485714285714
72830 0.833333333333
73303 0.739775910364
54030 0.775396825397
70314 0.502936507937
52040 0.597619047619
64613 0.177777777778
74397 0.819696969697
72833 0.570833333333
62055 0.906349206349
61678 0.809821428571
66340 0.867142857143
71641 0.5
74309 0.831349206349
62272 0.791369047619
62005 0.483333333333
62064 0.856051587302
61882 0.581994047619
62733 0.821428571429
62285 0.734920634921
66312 0.65248015873
74784 0.819047619048
62327 0.661224489796
62688 0.41156462585
74615 0.926020408163
74552 0.802777777778
54640 0.652380952381
70319 0.71001984127
59983 0.327782225547
62283 0.227551020408
75753 0.609722222222
61975 0.725425170068
74545 0.723469387755
76705 0.625
73322 0.800714285714
73599 0.804166666667
62017 0.792261904762
60004 0.327782225547
73307 0.840178571429
75253 0.286904761905
74713 0.875
52659 0.865476190476
73344 0.678846153846
71587 0.425
71061 0.930194805195
70315 0.638988095238
72293 0.327782225547
73311 0.593722943723
62465 0.333333333333
71781 0.584126984127
67040 0.417195767196
52625 0.392857142857
73703 0.9
73308 0.7775
62443 0.714523809524
74785 0.583333333333
57803 0.327782225547
76644 0.666666666667
61857 0.601388888889
74534 0.9
53555 0.916666666667
52651 0.738095238095
62730 0.566592261905
61980 0.605677655678
70318 0.69619047619
62072 0.676007326007
81327 0.197619047619
62024 0.784047619048
73357 0.523469387755
76587 0.9
74509 0.9
62058 0.0833333333333
73468 0.834615384615
62286 0.152272727273
75245 0.781601731602
53585 0.753968253968
74614 0.763258765044
61627 0.654761904762
76603 0.713271604938
55151 0.625
74377 0.634821428571
64651 0.277777777778
61976 0.60625
75542 0.725
62687 0.65
61995 0.896428571429
76605 0.701854982624
71913 0.35
61869 0.266746031746
71570 0.9
74344 0.888095238095
74725 0.210714285714
62692 0.328205128205
72131 0.625
73591 0.86378968254
73822 0.825
72059 0.827513227513
74794 0.90625
70286 0.721428571429
72258 0.25
70279 0.887142857143
73600 0.933333333333
73601 0.695238095238
71010 0.866666666667
61777 0.846741452991
74489 0.946428571429
71638 0.543795787546
74282 0.947916666667
74766 0.653946706888
64737 0.935714285714
62329 0.928571428571
73369 0.637103174603
62731 0.707875457875
73321 0.327782225547
70264 0.311011904762
61999 0.884444444444
52652 0.539682539683
62061 0.327782225547
62007 0.747619047619
64647 0.05
62273 0.802857142857
71584 0.2
61977 0.46626984127
62680 0.481632653061
74740 0.713928571429
72052 0.583035714286
62717 0.209603174603
74950 0.666666666667
62224 0.327782225547
62710 0.842091836735
76586 0.555555555556
71575 0.2875
73823 0.4
62008 0.63489010989
62019 0.714710884354
74792 0.815714285714
62402 0.833035714286
61907 0.476020408163
61986 0.714285714286
71984 0.65306122449
74321 0.889652014652
73701 0.846577380952
62683 0.808588435374
74755 0.833333333333
61683 0.914032536091
73682 0.769494047619
62015 0.592361111111
75212 0.830357142857
66306 0.625
74317 0.62
70780 0.826666666667
62013 0.180873015873
62009 0.465327380952
53746 0.315476190476
62711 0.628199404762
62028 0.741666666667
61998 0.596626984127
73319 0.880555555556
67017 0.333333333333
74308 0.413888888889
61874 0.688888888889
74535 0.666666666667
74793 0.766666666667
62344 0.9
66302 0.837820512821
52623 0.314285714286
62071 0.718864468864
73320 0.640714285714
73325 0.745604395604
71629 0.472222222222
73493 0.625
61677 0.771875
70250 0.9
62716 0.533333333333
74318 0.763888888889
73359 0.840714285714
73454 0.327782225547
66343 0.644047619048
76649 0.25
55856 0.733134920635
74325 0.380555555556
53317 0.847619047619
61984 0.364926739927
74543 0.766369047619
76650 0.741071428571
71427 0.8875
61978 0.730291005291
52646 0.687074829932
75754 0.783333333333
62686 0.861904761905
74783 0.8
76641 0.910714285714
72098 0.327782225547
52645 0.718253968254
66350 0.78
75932 0.666666666667
61987 0.625
71779 0.150148809524
52642 0.64880952381
62712 0.466666666667
52663 0.607142857143
75260 0.604166666667
75241 0.833333333333
62025 0.302106227106
62051 0.720734126984
52655 0.72619047619
61629 0.687554112554
73299 0.8418997669
62708 0.425
64508 0.952380952381
61988 0.808874458874
61688 0.797142857143
72409 0.9
74736 0.0833333333333
76590 0.8
74875 0.845535714286
74542 0.666666666667
62684 0.321349206349
69316 0.644897959184
62059 0.550595238095
76640 0.883333333333
52647 0.541666666667
74802 0.2
74715 0.836734693878
71639 0.645352564103
62734 0.831818181818
52620 0.372023809524
62709 0.682993197279
72616 0.327782225547
70325 0.5
52616 0.327782225547
69762 0.807142857143
74780 0.541666666667
61878 0.514285714286
73363 0.565476190476
70262 0.534375
53550 0.638888888889
74741 0.674107142857
62341 0.780357142857
66309 0.651785714286
69314 0.698586309524
72053 0.778571428571
71592 0.7
70909 0.18
62713 0.599851190476
52640 0.785714285714
54904 0.869047619048
61979 0.814285714286
75248 0.75
61993 0.756101190476
66345 0.386666666667
71413 0.688888888889
75217 0.833333333333
61861 0.552261904762
52679 0.666666666667
62707 0.467063492063
74537 0.583333333333
62469 0.811688311688
73330 0.793367346939
76030 0.629166666667
73324 0.846984126984
76604 0.555555555556
70251 0.778333333333
74326 0.776547619048
66314 0.794246031746
74611 0.826984126984
73349 0.761428571429
61603 0.142857142857
62714 0.74708994709
62027 0.724047619048
55188 0.547619047619
53654 0.214285714286
73331 0.854931972789
74320 0.68619047619
70284 0.724867724868
72068 0.503571428571
62735 0.65
52664 0.330357142857
71902 0.514285714286
70324 0.669047619048
74774 0.747222222222
71583 0.727777777778
62016 0.598469387755
76652 0.834761904762
52633 0.200132275132
52648 0.723511904762
57908 0.904945054945
69879 0.9
70290 0.863945578231
55772 0.714285714286
62053 0.536111111111
74510 0.589285714286
76701 0.75
71582 0.619523809524
61989 0.9
71951 0.866666666667
74788 0.9
70266 0.639682539683
61685 0.757738095238
70311 0.680555555556
66308 0.843154761905
71633 0.9
