84169 0.166666666667
84164 0.166666666667
78571 0.166666666667
78548 0.166666666667
78551 0.166666666667
78580 0.166666666667
78523 0.166666666667
78577 0.166666666667
78899 0.166666666667
78925 0.166666666667
78592 0.166666666667
78550 0.166666666667
78494 0.166666666667
78544 0.166666666667
84081 0.166666666667
84123 0.166666666667
78537 0.166666666667
78757 0.166666666667
78593 0.166666666667
78565 0.166666666667
78498 0.166666666667
78591 0.166666666667
84691 0.166666666667
84080 0.166666666667
78568 0.166666666667
79605 0.166666666667
78540 0.166666666667
84141 0.166666666667
78588 0.166666666667
78496 0.166666666667
78574 0.166666666667
79333 0.166666666667
84138 0.166666666667
78552 0.166666666667
78587 0.166666666667
78564 0.166666666667
78547 0.166666666667
78504 0.166666666667
78531 0.166666666667
78545 0.166666666667
78555 0.166666666667
78539 0.166666666667
78569 0.166666666667
78927 0.166666666667
78900 0.166666666667
78567 0.166666666667
78503 0.166666666667
84580 0.166666666667
78575 0.166666666667
78559 0.166666666667
78534 0.166666666667
78549 0.166666666667
78493 0.166666666667
78517 0.166666666667
78528 0.166666666667
84076 0.166666666667
84143 0.166666666667
78492 0.166666666667
84137 0.166666666667
78546 0.166666666667
78519 0.166666666667
84142 0.166666666667
78901 0.166666666667
78579 0.166666666667
78495 0.166666666667
78521 0.166666666667
78764 0.166666666667
78514 0.166666666667
78874 0.166666666667
78763 0.166666666667
78532 0.166666666667
78558 0.166666666667
78499 0.166666666667
84122 0.166666666667
78582 0.166666666667
78598 0.166666666667
78766 0.166666666667
78561 0.166666666667
78553 0.166666666667
84145 0.166666666667
78758 0.166666666667
78515 0.166666666667
78512 0.166666666667
78581 0.166666666667
78536 0.166666666667
78518 0.166666666667
78573 0.166666666667
78520 0.166666666667
78557 0.166666666667
78500 0.166666666667
78522 0.166666666667
78556 0.166666666667
78562 0.166666666667
78560 0.166666666667
78501 0.166666666667
78585 0.166666666667
78513 0.166666666667
78576 0.166666666667
78590 0.166666666667
78538 0.166666666667
78586 0.166666666667
78875 0.333333333333
78589 0.166666666667
78542 0.166666666667
78543 0.166666666667
78541 0.166666666667
78570 0.166666666667
78535 0.166666666667
78583 0.166666666667
78566 0.166666666667
78524 0.166666666667
84078 0.166666666667
84165 0.166666666667
78584 0.166666666667
78902 0.166666666667
78516 0.166666666667
