83515 0.245833333333
83851 0.314337123542
77860 0.704725829726
76310 0.577182539683
71546 0.783127289377
84221 0.425
79894 0.742063492063
77759 0.940656565657
75981 0.125
71530 0.693177655678
71537 0.751419413919
78799 0.875
75860 0.584134615385
71610 0.843095238095
84434 0.314337123542
84241 0.314337123542
71548 0.859294871795
75862 0.375457875458
76320 0.359487179487
76015 0.0357142857143
84252 0.314337123542
71613 0.817624683009
78825 0.875
77931 0.817261904762
76027 0.0825892857143
76443 0.314337123542
61773 0.283333333333
75921 0.314337123542
84435 0.314337123542
84242 0.314337123542
71545 0.66130952381
77912 0.868650793651
71606 0.798223443223
71611 0.709577228327
71547 0.890160765161
75930 0.570068027211
76054 0.833333333333
71616 0.697619047619
84251 0.314337123542
80981 0.625
75136 0.855158730159
71544 0.9125
84643 0.75
71618 0.955555555556
71528 0.722395197395
71602 0.642897842898
71598 0.677968559219
75969 0.708333333333
84240 0.314337123542
77761 0.690476190476
75141 0.907596371882
71617 0.884004884005
77785 0.984848484848
64593 0.59375
74615 0.926020408163
75903 0.314337123542
71532 0.722725885226
83847 0.314337123542
75966 0.314337123542
83527 0.325
83842 0.314337123542
84635 0.75
71601 0.808760683761
71529 0.719413919414
58033 0.434523809524
64615 0.220238095238
76059 0.327777777778
84433 0.314337123542
71533 0.647513384052
76018 0.224107142857
75970 0.308333333333
78792 0.875
76060 0.802083333333
77793 0.314337123542
84441 0.314337123542
71538 0.724450549451
83771 0.594387755102
77731 0.776334776335
77796 0.314337123542
75278 0.666666666667
71614 0.579270729271
76037 0.314337123542
83520 0.523174603175
84630 0.5
71599 0.911458333333
76014 0.414102564103
75131 0.907596371882
75859 0.625
71609 0.739226844584
84250 0.314337123542
84636 0.5
84431 0.314337123542
75931 0.625
84247 0.314337123542
83843 0.314337123542
76399 0.314337123542
77763 0.949134199134
84629 0.5
75910 0.677579365079
84644 0.314337123542
75975 0.2
76045 0.9
71539 0.768818681319
71604 0.857142857143
76167 0.25
84249 0.314337123542
75917 0.701816239316
84437 0.314337123542
76013 0.384615384615
71603 0.811492673993
76009 0.0178571428571
71605 0.635952380952
71542 0.750842490842
84438 0.314337123542
78800 0.875
84432 0.314337123542
71608 0.802922077922
77795 0.314337123542
79991 0.739831349206
77729 0.178391053391
83759 0.319768772894
84254 0.314337123542
84248 0.314337123542
76016 0.204166666667
77791 0.314337123542
84638 0.75
84628 0.314337123542
71535 0.769574175824
71541 0.658630952381
84439 0.314337123542
84246 0.314337123542
84633 0.314337123542
84436 0.314337123542
84647 0.25
84631 0.25
83849 0.314337123542
63839 0.314337123542
83517 0.616666666667
77787 0.41847041847
71534 0.768292124542
76021 0.0833333333333
76056 0.35
77788 0.602777777778
77792 0.314337123542
84639 0.9
71536 0.713036963037
80346 0.971781305115
75973 0.311607142857
71607 0.91942800789
78796 0.9
71540 0.727426739927
83714 0.344951923077
77751 0.693542568543
84632 0.314337123542
84646 0.5
84430 0.314337123542
84243 0.314337123542
84645 0.75
84253 0.314337123542
75781 0.308913308913
