77860 0.719877344877
75227 0.592857142857
63880 0.330225136034
75147 0.714285714286
79894 0.78373015873
77759 0.940656565657
80004 0.670634920635
75862 0.423076923077
80221 0.732993197279
77931 0.800595238095
75149 0.855555555556
79994 0.708049886621
72521 0.330225136034
72890 0.428571428571
80003 0.680555555556
73045 0.330225136034
77912 0.868650793651
77921 0.888888888889
73030 0.330225136034
75133 0.749206349206
79917 0.818310657596
73031 0.285714285714
77739 0.795351473923
80002 0.692176870748
72888 0.571428571429
75136 0.827380952381
77829 0.653273809524
77683 0.579081632653
72520 0.330225136034
77761 0.72380952381
75141 0.907596371882
75132 0.625396825397
73023 0.9
84271 0.330225136034
77785 0.984848484848
77770 0.701636904762
77738 0.867155067155
72898 0.142857142857
74615 0.926020408163
79989 0.870701058201
73032 0.357142857143
74737 0.809841269841
73029 0.330225136034
75154 0.25
80001 0.671296296296
75135 0.724867724868
58033 0.434523809524
73024 0.326923076923
75129 0.9
75142 0.775396825397
73033 0.333333333333
65042 0.142857142857
72526 0.330225136034
73019 0.330225136034
79988 0.593537414966
72887 0.535714285714
75128 0.596031746032
83771 0.594387755102
77731 0.776334776335
73028 0.666666666667
80106 0.625396825397
75137 0.877777777778
80398 0.544642857143
75131 0.907596371882
72495 0.330225136034
73018 0.279761904762
80000 0.679421768707
72504 0.330225136034
72891 0.714285714286
72525 0.330225136034
79998 0.894510582011
77763 0.949134199134
75123 0.920634920635
79987 0.86933106576
61683 0.914032536091
73049 0.330225136034
72894 0.714285714286
80007 0.804988662132
72896 0.285714285714
75145 0.871428571429
77625 0.330225136034
79918 0.653344671202
72987 0.166666666667
79999 0.768849206349
75140 0.909722222222
73026 0.39880952381
72494 0.714285714286
79991 0.76066468254
77729 0.16323953824
83759 0.319768772894
75146 0.826984126984
80006 0.738662131519
75138 0.875
72501 0.330225136034
77743 0.735863095238
79993 0.785997732426
73025 0.199047619048
77938 0.87925170068
73017 0.31746031746
74741 0.68244047619
77787 0.403318903319
72889 0.142857142857
73692 0.5
77788 0.636111111111
79997 0.785430839002
80005 0.852182539683
73022 0.330225136034
80346 0.971781305115
75125 0.719841269841
79992 0.82029478458
73046 0.330225136034
83714 0.344951923077
77751 0.678391053391
84594 0.330225136034
75148 0.69126984127
75781 0.308913308913
72902 0.330225136034
