1   0.166666667
2   0.666666667
3   1
4   0.333333333
5   0.833333333
6   0.5
7   1
8   1
9   0.666666667
10  0.666666667
11  0.166666667
12  0.666666667
13  0.833333333
14  0.166666667
15  0.833333333
16  0.5
17  0.5
18  0.666666667
19  0.166666667
20  0.166666667
21  0.833333333
22  1
23  0.666666667
24  0.166666667
25  0.833333333
26  0.5
27  0.5
28  1
29  0.833333333
30  0.333333333
31  0.666666667
32  0.666666667
33  0.833333333
34  0.5
35  0.333333333
36  0.833333333
37  0.5
38  0.166666667
39  0.5
40  0
41  0
42  1
43  0.333333333
44  0.666666667
45  1
46  0.333333333
47  0.833333333
48  0.666666667
49  0.833333333
50  0.333333333
51  0
52  0.333333333
53  0.833333333
54  0.833333333
55  0.166666667
56  0.666666667
57  0.833333333
58  0.666666667
59  1
60  0.166666667
61  0.666666667
62  0.5
63  1
64  0.5
65  0.5
66  0.666666667
67  0.333333333
68  0.166666667
69  0.833333333
70  1
71  1
72  0
73  0.333333333
74  0.833333333
75  1
76  0.833333333
77  0.166666667
78  0.666666667
79  0
80  0
81  0.166666667
82  0
83  0.5
84  0.833333333
85  0.166666667
86  0
87  0.5
88  0.833333333
89  0
90  1
91  0.166666667
92  1
93  1
94  0.666666667
95  0.333333333
96  0.833333333
97  0.333333333
98  0.5
99  0
100 0.5
101 0.333333333
102 0.833333333
103 0.166666667
104 0
105 1
106 0.666666667
107 0
108 0.833333333
109 1
110 1
111 0.333333333
112 0.833333333
113 1
114 0.5
115 0.5
116 1
117 0.166666667
118 0.5
119 0.333333333
120 0.5
121 0.166666667
122 0.833333333
123 0.833333333
124 0.833333333
125 0.5
126 1
127 0.5
128 0.666666667
129 0.833333333
130 0.333333333
131 1
132 0.5
133 0.5
134 0.5
135 0.833333333
136 0.333333333
137 0.166666667
138 0.833333333
139 0.166666667
140 0.833333333
141 0.666666667
142 0.833333333
143 0.666666667
144 1
145 0.833333333
146 1
147 0.833333333
148 0
149 0
150 0.166666667
151 0.5
152 0.833333333
153 0.5
154 0.333333333
155 0.333333333
156 0.5
157 0.333333333
158 0.5
159 1
160 0
161 0.833333333
162 1
163 1
164 0
165 0
166 1
167 0.5
168 0.666666667
169 0.166666667
170 1
171 0.666666667
172 0
173 1
174 0.333333333
175 0.833333333
176 0.333333333
177 1
178 0.5
179 0
180 0.5
181 1
182 0.833333333
183 0
184 0.5
185 0.833333333
186 0.333333333
187 0.833333333
188 1
189 0
190 0.5
191 1
192 0.666666667
193 0.833333333
194 0
195 0.5
196 0.333333333
197 0.5
198 0.5
199 0.833333333
200 1
201 0.5
202 0.166666667
203 0.833333333
204 0.333333333
205 0.5
206 0.166666667
207 0.666666667
208 0.333333333
209 0.333333333
210 0.166666667
211 0
212 0.166666667
213 1
214 0.833333333
215 0.833333333
216 0.333333333
217 1
218 0.166666667
219 0.666666667
220 0
221 0.333333333
222 0.666666667
223 0.5
224 1
225 0.5
226 0
227 1
228 0.166666667
229 0.166666667
230 0.833333333
231 0.833333333
232 0.333333333
233 0.666666667
234 0.166666667
235 0.833333333
236 0.5
237 0.833333333
238 0.5
239 0
240 0.5
241 0.333333333
242 0.166666667
243 0.333333333
244 0.833333333
245 0.333333333
246 0.833333333
247 1
248 0.333333333
249 0.666666667
250 0.333333333
251 0.5
252 0.333333333
253 0.166666667
254 0.5
255 0.333333333
256 0.833333333
257 0.833333333
258 1
259 0.5
260 0.5
261 0.333333333
262 1
263 0.666666667
264 0.833333333
265 0.166666667
266 0.166666667
267 0.166666667
268 0.833333333
269 0.833333333
270 0.333333333
271 0.666666667
272 0.333333333
273 1
274 1
275 1
276 0.666666667
277 0.833333333
278 0.5
279 1
280 0.333333333
281 1
282 1
283 0.5
284 1
285 0.666666667
286 0.333333333
287 0.833333333
288 0.166666667
289 0.833333333
290 1
291 1
292 1
293 0.666666667
294 0
295 0.166666667
296 1
297 0.833333333
298 0.833333333
299 1
300 0.5
301 0.666666667
302 0.5
303 0.333333333
304 0.833333333
305 0.166666667
306 1
307 0.833333333
308 0.833333333
309 0.666666667
310 0.833333333
311 0.166666667
312 0
313 1
314 0.666666667
315 0.5
316 0.833333333
317 0.666666667
318 0.5
319 0.666666667
320 0.333333333
321 0.833333333
322 0.666666667
323 1
324 0.833333333
325 0.666666667
326 0
327 0.333333333
328 0.333333333
329 0.5
330 0.5
331 1
332 1
333 0.166666667
334 0.833333333
335 0.333333333
336 0.666666667
337 1
338 1
339 0.666666667
340 0.666666667
341 0
342 0.5
343 0.666666667
344 0
345 0.833333333
346 0.5
347 0.666666667
348 0.833333333
349 1
350 0
351 0.166666667
352 0.666666667
353 1
354 0.833333333
355 0.666666667
356 0.833333333
357 0
358 1
359 1
360 0.5
361 1
362 0.5
363 0.333333333
364 0.666666667
365 1
366 0.5
367 0.666666667
368 0.833333333
369 0.666666667
370 0.833333333
371 0.166666667
372 1
373 0.833333333
374 0.666666667
375 0.166666667
376 0.5
377 0.833333333
378 0.333333333
379 1
380 0.166666667
381 0.333333333
382 0.833333333
383 0.666666667
384 0.166666667
385 0.833333333
386 1
387 1
388 0.666666667
389 0.833333333
390 0.333333333
391 0.5
392 1
393 0.5
394 1
395 0.5
396 0.166666667
397 0.5
398 0.5
399 0.833333333
400 0.166666667
401 0.833333333
402 0
403 0.166666667
404 0.833333333
405 1
406 0.333333333
407 0.333333333
408 0.666666667
409 0.833333333
410 0.166666667
411 0.333333333
412 0
413 0.333333333
414 0.666666667
415 0.5
416 0.333333333
417 0.833333333
418 1
419 0.833333333
420 0.833333333
421 0.166666667
422 0.166666667
423 0.833333333
424 0.666666667
425 1
426 0.5
427 0.833333333
428 0.5
429 0.166666667
430 0
431 1
432 1
433 0.833333333
434 0.666666667
435 1
436 0.5
437 0
438 1
439 0.833333333
440 0.833333333
441 0.5
442 0.166666667
443 0.833333333
444 1
445 1
446 0.833333333
447 1
448 0.833333333
449 0.833333333
450 0
451 0
452 0
453 0.833333333
454 1
455 0.5
456 0.333333333
457 1
458 0.166666667
459 0.166666667
460 1
461 0.333333333
462 0
463 0.5
464 0.833333333
465 1
466 0
467 0.833333333
468 0.166666667
469 0.5
470 0.166666667
471 0.5
472 0.5
473 0
474 0.5
475 0.833333333
476 0.166666667
477 1
478 0.166666667
479 0.5
480 1
481 0.333333333
482 0
483 0.5
484 1
485 0.333333333
486 0
487 0.666666667
488 0.166666667
489 0
490 0.166666667
491 0.5
492 0.833333333
493 0.666666667
494 0.833333333
495 0.333333333
496 1
497 0.666666667
498 0.833333333
499 0.833333333
500 0.166666667
501 0.666666667
502 1
503 0.833333333
504 0.666666667
505 0.833333333
506 0.666666667
507 0.5
508 0.666666667
509 0.5
510 0.333333333
511 0.833333333
512 0.833333333
513 0.333333333
514 0.166666667
515 0.5
516 0.333333333
517 0.166666667
518 0
519 0.833333333
520 1
521 0.666666667
522 0.5
523 0.333333333
524 1
525 0.333333333
526 0.5
527 0.166666667
528 1
529 1
530 0.833333333
531 0.5
532 0
533 0.333333333
534 0.666666667
535 0.833333333
536 1
537 0
538 1
539 0.333333333
540 0.333333333
541 0.833333333
542 0.666666667
543 0.5
544 1
545 0.166666667
546 0.5
547 0.833333333
548 0.833333333
549 0
550 0.833333333
551 0.333333333
552 0.166666667
553 0.166666667
554 0.833333333
555 0.166666667
556 0.5
557 0.5
558 0.333333333
559 0.833333333
560 0.666666667
561 0.666666667
562 0.833333333
563 0.833333333
564 0
565 0.666666667
566 0.833333333
567 0.5
568 0.833333333
569 0.666666667
570 0.166666667
571 0.5
572 1
573 0.833333333
574 0.833333333
575 1
576 0.5
577 0.833333333
578 0.833333333
579 0.166666667
580 1
581 0.666666667
582 0.833333333
583 0.333333333
584 1
585 0.833333333
586 0.333333333
587 0.5
588 0.166666667
589 0.333333333
590 0.833333333
591 0
592 0.833333333
593 0.5
594 1
595 0.333333333
596 0.333333333
597 1
598 0
599 0.5
600 0.666666667
601 0.333333333
602 1
603 0.333333333
604 0.833333333
605 0
606 0.833333333
607 0.333333333
608 0.666666667
609 0.333333333
610 0.5
611 0.5
612 0.666666667
613 0.333333333
614 0.5
615 0
616 0.5
617 0.666666667
618 0.833333333
619 0.833333333
620 0
621 0.5
622 0.166666667
623 0
624 0.666666667
625 0.666666667
626 0.333333333
627 1
628 0.666666667
629 0.666666667
630 0.333333333
631 1
632 0.833333333
633 0.5
634 0.5
635 0.5
636 0.5
637 0
638 0.166666667
639 0.833333333
640 1
641 1
642 0.666666667
643 0.833333333
644 0.333333333
645 0.666666667
646 0.5
647 0.5
648 0.333333333
649 0.166666667
650 1
651 0.166666667
652 0.5
653 1
654 1
655 0.5
656 0.666666667
657 0.166666667
658 0.333333333
659 0.833333333
660 0.166666667
661 1
662 0.833333333
663 0.333333333
664 0
665 1
666 0.833333333
667 0.166666667
668 0.666666667
669 1
670 0.833333333
671 0.5
672 0
673 0.5
674 0.166666667
675 0.833333333
676 0.833333333
677 0
678 0.166666667
679 1
680 0.833333333
681 0.166666667
682 0.166666667
683 0.833333333
684 1
685 0.166666667
686 0.666666667
687 0.166666667
688 0.333333333
689 0.333333333
690 0.666666667
691 0.666666667
692 1
693 1
694 0.5
695 0.833333333
696 0.666666667
697 0.166666667
698 0.666666667
699 1
700 1
701 0.5
702 0.833333333
703 0.833333333
704 0.5
705 0.333333333
706 1
707 1
708 0.666666667
709 1
710 0
711 1
712 0.666666667
713 0.333333333
714 0.833333333
715 0.5
716 0.833333333
717 0.833333333
718 0.666666667
719 0.166666667
720 0.666666667
721 1
722 0.833333333
723 0.333333333
724 0.5
725 1
726 0.666666667
727 1
728 0.5
729 0.833333333
730 1
731 1
732 0.166666667
733 1
734 0.666666667
735 0.833333333
736 0.5
737 0.833333333
738 0.666666667
739 0.333333333
740 1
741 0.166666667
742 1
743 0.833333333
744 1
745 0.166666667
746 0
747 1
748 1
749 1
750 0.833333333
751 1
752 0.833333333
753 0.833333333
754 0.5
755 0.166666667
756 0.666666667
757 0.5
758 0.333333333
759 0.666666667
760 0.166666667
761 1
762 0.333333333
763 0.5
764 1
765 0.166666667
766 0.833333333
767 0.333333333
768 0.5
769 0.666666667
770 1
771 0.666666667
772 0.666666667
773 0.5
774 0.5
775 0.666666667
776 0.333333333
