71546 0.7553495116
71530 0.676510989011
71537 0.751419413919
71610 0.826428571429
72121 0.765740740741
71548 0.875961538462
75213 0.674358974359
75862 0.375457875458
76320 0.492820512821
76015 0.0357142857143
76033 0.833333333333
73048 0.5
71613 0.804804170189
83784 0.430555555556
76027 0.0825892857143
72980 0.304536138652
76639 0.511103479853
71545 0.627976190476
71611 0.723466117216
71606 0.76489010989
78209 0.304536138652
75989 0.8125
71600 0.472928113553
71547 0.890160765161
75930 0.546258503401
73575 0.392857142857
71616 0.660582010582
64712 0.277777777778
71612 0.730026455026
74254 0.304536138652
74243 0.304536138652
62441 0.833333333333
71544 0.929166666667
71618 0.937037037037
71602 0.624379324379
71598 0.636301892552
74257 0.304536138652
73574 0.304536138652
75977 0.304536138652
71617 0.828449328449
75915 0.5
73584 0.304536138652
64593 0.677083333333
75903 0.304536138652
71532 0.722725885226
73032 0.412698412698
75753 0.634722222222
76352 0.125
74246 0.304536138652
74256 0.304536138652
71601 0.808760683761
74244 0.304536138652
71529 0.752747252747
58033 0.410714285714
64615 0.220238095238
83710 0.136904761905
76607 0.872767857143
73576 0.361111111111
73024 0.24358974359
71533 0.698795435334
76018 0.24494047619
73033 0.166666666667
75985 0.304536138652
76060 0.802083333333
71538 0.724450549451
72887 0.702380952381
75979 0.666666666667
76605 0.714675495445
76593 0.486172161172
73028 0.333333333333
75904 0.529304029304
76065 0.304536138652
75278 0.9
71614 0.564119214119
75906 0.29310570382
74240 0.304536138652
74249 0.304536138652
71599 0.911458333333
74252 0.304536138652
71609 0.751131606489
61777 0.888408119658
73018 0.196428571429
65202 0.455357142857
74740 0.727261904762
74239 0.304536138652
74241 0.304536138652
74255 0.304536138652
74265 0.304536138652
76038 0.304536138652
71539 0.796596459096
71604 0.857142857143
73585 0.304536138652
76167 0.25
71603 0.811492673993
72987 0.0555555555556
71605 0.635952380952
76613 0.895734126984
71542 0.767509157509
73044 0.304536138652
71608 0.787770562771
74242 0.304536138652
71697 0.864316239316
73052 0.304536138652
73026 0.232142857143
64692 0.316666666667
74783 0.786666666667
83759 0.29893543956
75215 0.688888888889
73580 0.304536138652
65033 0.800466853408
76589 0.810531135531
76378 0.304536138652
83775 0.519047619048
73021 0.304536138652
76640 0.9
74247 0.304536138652
71535 0.783463064713
71541 0.679464285714
73025 0.165714285714
76337 0.304536138652
75980 0.492063492063
73017 0.31746031746
69314 0.686086309524
74253 0.304536138652
71534 0.768292124542
74250 0.304536138652
74800 0.925
75926 0.304536138652
75875 0.304536138652
74608 0.662901912902
71536 0.728188478188
75973 0.290773809524
71607 0.91942800789
71540 0.71076007326
83714 0.386618589744
74248 0.304536138652
76652 0.814761904762
57908 0.88956043956
65230 0.622448979592
