53815 0.666666666667
53612 0.142857142857
65037 0.787857142857
52488 0.551587301587
53757 0.9
52461 0.579365079365
52644 0.933333333333
56514 0.428571428571
62715 0.196513605442
55854 0.732380952381
70273 0.196428571429
53614 0.292177756162
53776 0.292177756162
53644 0.285714285714
61631 0.74387755102
61762 0.292177756162
74402 0.696666666667
53787 0.716666666667
53679 0.285714285714
53676 0.285714285714
53764 0.9
66310 0.351623376623
52042 0.718650793651
53756 0.55
53960 0.292177756162
54311 0.292177756162
52033 0.674404761905
62095 0.761904761905
52618 0.292177756162
60040 0.428571428571
71994 0.428571428571
70282 0.56498015873
61608 0.759848484848
52504 0.638888888889
72121 0.776851851852
52499 0.267857142857
52055 0.292177756162
73488 0.56130952381
53876 0.47619047619
61687 0.880402930403
56484 0.857142857143
53603 0.428571428571
56656 0.9
55175 0.583333333333
53641 0.142857142857
66352 0.891666666667
54440 0.6
62057 0.285714285714
54639 0.964285714286
62278 0.428571428571
62023 0.127655677656
53961 0.8
52672 0.709523809524
53794 0.733333333333
53750 0.292177756162
54018 0.242857142857
62689 0.82748015873
56388 0.292177756162
54297 0.292177756162
73350 0.758418367347
73668 0.690476190476
56466 0.857142857143
71948 0.558333333333
52657 0.6875
52487 0.292177756162
53755 0.9
53812 0.292177756162
70293 0.527777777778
62732 0.659523809524
53604 0.571428571429
73358 0.7875
52641 0.854166666667
72123 0.653571428571
54310 0.292177756162
52464 0.764285714286
59700 0.833333333333
52667 0.430357142857
53799 0.877777777778
74763 0.706878306878
62340 0.589682539683
54343 0.657653061224
72116 0.785714285714
55185 0.6375
53763 0.666666666667
53980 0.292177756162
70317 0.640909090909
70249 0.658333333333
53621 0.392857142857
53887 0.292177756162
61974 0.710497835498
52492 0.75
62010 0.514087301587
53894 0.9
62729 0.862755102041
61879 0.0642857142857
53403 0.292177756162
64510 0.616666666667
73370 0.78125
66298 0.799761904762
53670 0.702380952381
53645 0.412698412698
54831 0.642857142857
53656 0.292177756162
53800 0.533333333333
56748 0.292177756162
53975 0.292177756162
74617 0.9
70297 0.720146520147
53880 0.9
53567 0.571428571429
52486 0.482142857143
70300 0.855952380952
52668 0.642857142857
53891 0.292177756162
59930 0.292177756162
53798 0.575
52105 0.292177756162
52502 0.578571428571
70263 0.810714285714
53600 0.428571428571
54830 0.568452380952
53678 0.238095238095
53885 0.292177756162
62011 0.58474702381
73356 0.386139455782
53571 0.428571428571
62167 0.292177756162
53771 0.292177756162
61972 0.37619047619
67019 0.572222222222
53958 0.292177756162
74971 0.293197278912
67039 0.571428571429
55176 0.755555555556
72829 0.292177756162
62441 0.833333333333
54010 0.292177756162
52061 0.292177756162
53568 0.571428571429
53816 0.166666666667
57894 0.292177756162
53788 0.605555555556
73303 0.759383753501
54030 0.80873015873
52040 0.692857142857
53715 0.292177756162
54342 0.292177756162
61764 0.292177756162
55792 0.208333333333
54009 0.292177756162
53619 0.752976190476
53605 0.314285714286
55190 0.9
79578 0.714285714286
79414 0.714285714286
52451 0.595238095238
53602 0.285714285714
53792 0.344444444444
70287 0.15612244898
52495 0.72619047619
61678 0.809821428571
74309 0.820238095238
62005 0.488461538462
53529 0.708333333333
66301 0.490816326531
71146 0.666666666667
53767 0.292177756162
53721 0.285714285714
52453 0.866071428571
53821 0.292177756162
53556 0.142857142857
74784 0.814285714286
53976 0.292177756162
74508 0.642857142857
74615 0.937925170068
74616 0.916666666667
53899 0.9
76602 0.9
70319 0.704464285714
74373 0.702380952381
53613 0.285714285714
81461 0.285714285714
52497 0.9
61975 0.720663265306
79581 0.292177756162
57048 0.627976190476
53963 0.292177756162
61588 0.9
53993 0.428571428571
52285 0.6
52452 0.5
53564 0.285714285714
53753 0.292177756162
52498 0.662698412698
53817 0.292177756162
74017 0.442857142857
62017 0.786011904762
52508 0.539682539683
53886 0.833333333333
53896 0.292177756162
53786 0.572222222222
52467 0.142857142857
84479 0.142857142857
52501 0.666666666667
56497 0.571428571429
55114 0.428571428571
52659 0.895476190476
53761 0.9
70328 0.292177756162
53673 0.142857142857
53814 0.292177756162
53714 0.142857142857
79588 0.571428571429
53905 0.6
79410 0.714285714286
79416 0.428571428571
61881 0.519642857143
52094 0.416666666667
79415 0.428571428571
53889 0.292177756162
54303 0.292177756162
64530 0.571428571429
52462 0.776785714286
54309 0.292177756162
70291 0.553571428571
75195 0.785714285714
55191 0.9
52490 0.75
53768 0.833333333333
73367 0.835459183673
62442 0.723958333333
61607 0.292177756162
53808 0.666666666667
72114 0.715909090909
53606 0.571428571429
54300 0.285714285714
53555 0.95
62730 0.560342261905
61980 0.603113553114
70318 0.680634920635
71506 0.666666666667
62072 0.6836996337
55179 0.166666666667
73468 0.873076923077
62277 0.771693121693
75245 0.790692640693
54021 0.25
53585 0.742857142857
62066 0.252619047619
54012 0.292177756162
74614 0.746592098378
61627 0.621428571429
53973 0.292177756162
53611 0.571428571429
55151 0.775
62006 0.605
53955 0.292177756162
53962 0.171428571429
54296 0.292177756162
52493 0.8125
76605 0.714675495445
61869 0.233412698413
52458 0.666666666667
61851 0.767857142857
52466 0.410714285714
71995 0.795351473923
70252 0.675297619048
53672 0.292177756162
53793 0.527777777778
53811 0.333333333333
53882 0.292177756162
71939 0.166666666667
55770 0.571428571429
62692 0.346153846154
53751 0.292177756162
56512 0.292177756162
56974 0.535714285714
53713 0.511904761905
71946 0.68253968254
79417 0.292177756162
70279 0.887142857143
53754 0.292177756162
66348 0.5
70713 0.292177756162
72127 0.589880952381
60009 0.292177756162
75223 0.535714285714
53642 0.428571428571
52483 0.815476190476
72124 0.714285714286
70824 0.0952380952381
73369 0.634325396825
53661 0.714285714286
62731 0.702747252747
53974 0.292177756162
54305 0.5
61999 0.871111111111
52652 0.395238095238
62493 0.5
53760 0.292177756162
62078 0.770634920635
53680 0.559523809524
54299 0.292177756162
53818 0.166666666667
53772 0.5
55794 0.292177756162
61686 0.428571428571
52676 0.292177756162
53607 0.428571428571
53749 0.55
57909 0.894345238095
74809 0.714285714286
62008 0.673351648352
53883 0.292177756162
74995 0.857142857143
62019 0.724234693878
53765 0.292177756162
51999 0.428571428571
53769 0.292177756162
62402 0.808035714286
61907 0.459353741497
71984 0.595918367347
74321 0.874267399267
62683 0.765731292517
53709 0.142857142857
70714 0.125
54307 0.292177756162
54295 0.292177756162
53957 0.292177756162
53581 0.292177756162
62013 0.180873015873
71937 0.410714285714
53574 0.714285714286
53746 0.282142857143
53969 0.292177756162
53890 0.292177756162
55177 0.428571428571
61589 0.183333333333
66349 0.357142857143
52465 0.785714285714
62690 0.740634920635
52489 0.345238095238
53790 0.666666666667
62021 0.2
62028 0.763095238095
53668 0.142857142857
53884 0.292177756162
70255 0.874489795918
61874 0.666666666667
72179 0.928571428571
53789 0.456349206349
70323 0.62
71782 0.542857142857
53562 0.285714285714
53819 0.292177756162
66302 0.863461538462
52623 0.280952380952
53652 0.103174603175
54799 0.285714285714
62071 0.713736263736
53809 0.292177756162
52496 0.661904761905
79582 0.292177756162
73325 0.755860805861
52037 0.292177756162
53722 0.292177756162
53971 0.292177756162
52615 0.142857142857
55649 0.857142857143
73359 0.847380952381
53712 0.142857142857
52653 0.531746031746
83908 0.292177756162
74290 0.842207792208
53649 0.238095238095
55856 0.78869047619
53965 0.292177756162
53317 0.914285714286
61984 0.352106227106
54302 0.25
52507 0.799603174603
52646 0.70612244898
62686 0.859340659341
53964 0.292177756162
74612 0.824404761905
61761 0.25
53813 0.292177756162
52642 0.807142857143
53791 0.75
65033 0.800466853408
72378 0.9
79586 0.714285714286
52663 0.707142857143
55203 0.5
53669 0.269841269841
52456 0.626984126984
53576 0.571428571429
62025 0.317490842491
53807 0.292177756162
71992 0.559523809524
74289 0.659523809524
62051 0.729067460317
52655 0.659523809524
52463 0.861111111111
53806 0.292177756162
62693 0.532142857143
61688 0.810476190476
55218 0.292177756162
79419 0.142857142857
54315 0.292177756162
61760 0.292177756162
54321 0.5
53561 0.428571428571
70715 0.0625
71631 0.9
54014 0.292177756162
53796 0.425
72668 0.492857142857
53650 0.142857142857
62684 0.328015873016
62059 0.539484126984
53580 0.428571428571
52647 0.491666666667
53667 0.142857142857
70402 0.857142857143
53895 0.292177756162
61862 0.216666666667
74613 0.732142857143
52620 0.430357142857
62709 0.694897959184
58632 0.292177756162
62210 0.208333333333
53959 0.142857142857
53972 0.4
66342 0.25
53648 0.428571428571
52491 0.707142857143
70262 0.515625
53550 0.683333333333
71940 0.785714285714
66309 0.664285714286
55832 0.809523809524
53752 0.833333333333
53878 0.292177756162
71978 0.785714285714
53553 0.714285714286
62054 0.511111111111
52485 0.551587301587
70822 0.138888888889
53711 0.142857142857
53675 0.9
53759 0.292177756162
52506 0.8
52101 0.9
70403 0.285714285714
62713 0.60818452381
52494 0.77619047619
52656 0.428571428571
53671 0.380952380952
54904 0.910714285714
53609 0.292177756162
56464 0.428571428571
60038 0.571428571429
53797 0.25
53881 0.666666666667
53784 0.45
53651 0.292177756162
62707 0.41373015873
52679 0.2
62469 0.805627705628
53826 0.292177756162
53615 0.292177756162
53203 0.875
54013 0.292177756162
52460 0.5
52484 0.634920634921
56720 0.292177756162
74608 0.639092389092
72125 0.75
66314 0.822023809524
74611 0.835873015873
73349 0.781428571429
52665 0.303571428571
53892 0.9
55188 0.514285714286
53766 0.666666666667
53654 0.103174603175
53986 0.425
74320 0.69619047619
52664 0.355357142857
70324 0.681168831169
53666 0.714285714286
53681 0.242063492063
74774 0.647222222222
66304 0.648511904762
52059 0.5
70299 0.804682539683
61763 0.166666666667
74394 0.571428571429
69763 0.568452380952
53879 0.292177756162
52633 0.185317460317
52648 0.740178571429
57908 0.88956043956
53996 0.171428571429
53983 0.4
52505 0.339285714286
70290 0.830612244898
62133 0.571428571429
54304 0.292177756162
52480 0.292177756162
53677 0.325396825397
81773 0.285714285714
53565 0.702380952381
53758 0.292177756162
64556 0.292177756162
53967 0.292177756162
53717 0.142857142857
71951 0.853333333333
51974 0.142857142857
70266 0.687830687831
61685 0.778571428571
54313 0.292177756162
66308 0.882738095238
54341 0.292177756162
53560 0.571428571429
