76316 0.845238095238
76310 0.549404761905
62470 0.789010989011
76643 0.681637806638
71610 0.826428571429
75189 0.333333333333
72121 0.75462962963
75959 0.573717948718
76015 0.0357142857143
76033 0.875
55814 0.611111111111
75947 0.52380952381
71613 0.804804170189
58863 0.645833333333
76027 0.0825892857143
83996 0.722222222222
76322 0.375
76639 0.511103479853
75242 0.755555555556
76416 0.217261904762
76609 0.576636904762
71606 0.781556776557
75194 0.288794029909
75989 0.604166666667
75930 0.546258503401
74786 0.893386243386
75209 0.366832010582
64712 0.25
74707 0.692361111111
74796 0.670238095238
76595 0.820555555556
75246 0.684761904762
84853 0.142857142857
62441 0.845238095238
75188 0.333333333333
76020 0.166666666667
75969 0.708333333333
55803 0.361111111111
76017 0.264957264957
75224 0.65319664903
80339 0.659391534392
83829 0.866071428571
83770 0.288794029909
74552 0.813888888889
75753 0.676388888889
71601 0.780982905983
64615 0.315476190476
76607 0.831101190476
76594 0.821428571429
76059 0.327777777778
75187 0.166666666667
71533 0.673154409693
62442 0.744791666667
76018 0.224107142857
76644 0.594444444444
76314 0.3125
75970 0.308333333333
75934 0.0416666666667
76060 0.927083333333
74614 0.758496860283
76603 0.709567901235
76605 0.714675495445
76593 0.456760396466
75904 0.612637362637
75906 0.29310570382
75992 0.0833333333333
73591 0.861011904762
76422 0.472222222222
75191 0.166666666667
76014 0.414102564103
75995 0.25
71609 0.739226844584
61777 0.846741452991
73018 0.238095238095
74766 0.640221216692
75924 0.486111111111
76455 0.288794029909
75910 0.733134920635
75878 0.263888888889
57909 0.852678571429
75161 0.416666666667
75157 0.833333333333
64602 0.5
74792 0.812380952381
76045 0.9
61683 0.92383645766
76318 0.875
71539 0.768818681319
75945 0.288794029909
75898 0.288794029909
76167 0.291666666667
75917 0.646260683761
84971 0.375
65181 0.5
75999 0.5
53589 0.3
83209 0.288794029909
71603 0.828159340659
76315 0.694444444444
76009 0.0178571428571
75158 0.666666666667
71605 0.685952380952
76613 0.909623015873
76707 0.875
75160 0.611111111111
83981 0.25
76152 0.166666666667
65209 0.504006410256
74543 0.762202380952
76650 0.782738095238
73026 0.440476190476
75877 0.302083333333
76641 0.934523809524
75239 0.879411764706
75215 0.688888888889
65033 0.790662931839
76168 0.288794029909
84272 0.166666666667
76589 0.82442002442
75876 0.288794029909
76016 0.370833333333
83988 0.642857142857
76590 0.82
76640 0.883333333333
75892 0.288794029909
76312 0.489880952381
55808 0.819444444444
74741 0.654662698413
76648 0.816666666667
75232 0.668154761905
69314 0.69650297619
75193 0.288794029909
76021 0.0833333333333
75192 0.166666666667
76699 0.288794029909
75914 0.288794029909
74608 0.639092389092
75159 0.166666666667
74611 0.835873015873
75973 0.290773809524
71607 0.91942800789
65211 0.333333333333
76384 0.833333333333
76652 0.831428571429
57908 0.88956043956
76313 0.666666666667
65230 0.670068027211
76050 0.288794029909
75781 0.285103785104
