65037 0.787857142857
72795 0.299840743313
61983 0.62
62451 0.48619047619
52644 0.655555555556
74021 0.7
62715 0.184608843537
64684 0.25
55854 0.665714285714
73318 0.841558441558
73334 0.375
61865 0.6
52075 0.5
61631 0.76768707483
53331 0.4
52067 0.299840743313
53457 0.25
60489 0.464285714286
70907 0.783333333333
71024 0.441666666667
55823 0.5
73992 0.75
74402 0.663333333333
62049 0.532142857143
66310 0.381926406926
53395 0.225
62048 0.299840743313
55131 0.672222222222
52042 0.663095238095
53386 0.299840743313
62681 0.208333333333
53402 0.8
74294 0.9
62018 0.38
52050 0.299840743313
66320 0.1375
52033 0.591071428571
53228 0.477777777778
53187 0.528968253968
70234 0.299840743313
72418 0.25
53103 0.5
52638 0.452380952381
70947 0.683333333333
53230 0.752976190476
61608 0.744696969697
70260 0.423214285714
72439 0.166666666667
52081 0.5
75213 0.661538461538
53089 0.299840743313
52687 0.847023809524
74293 0.590178571429
73488 0.5375
53876 0.142857142857
61687 0.841941391941
72055 0.370833333333
53241 0.628571428571
55112 0.416666666667
71942 0.714285714286
53196 0.635317460317
72093 0.681632653061
52090 0.299840743313
71987 0.559523809524
74511 0.805357142857
53113 0.818452380952
52085 0.299840743313
72060 0.233333333333
54639 0.839285714286
56958 0.299840743313
62598 0.299840743313
62023 0.114835164835
72548 0.299840743313
52672 0.75119047619
70301 0.299840743313
72613 0.299840743313
53412 0.9
70954 0.4
62689 0.82748015873
73350 0.746513605442
73668 0.579365079365
75367 0.8
74336 0.299840743313
55132 0.878231292517
52657 0.5625
53199 0.737301587302
74764 0.929166666667
73467 0.680555555556
62052 0.652636054422
53420 0.5
70306 0.566666666667
62732 0.659523809524
79178 0.9
52641 0.770833333333
74747 0.689761904762
72419 0.299840743313
62718 0.769047619048
61981 0.82
59700 0.8125
70236 0.299840743313
52667 0.430357142857
53391 0.575
74763 0.725396825397
52082 0.299840743313
70951 0.55
75442 0.813492063492
70987 0.299840743313
54343 0.610034013605
62060 0.327976190476
71007 0.8
70317 0.610606060606
70249 0.644444444444
78304 0.5
70256 0.833333333333
70272 0.1625
53454 0.75
61974 0.680194805195
71625 0.509615384615
51822 0.8
70908 0.770833333333
52649 0.669047619048
62010 0.527976190476
75372 0.711904761905
53086 0.335714285714
78291 0.75
74408 0.822916666667
52068 0.65
62729 0.850850340136
53225 0.047619047619
53373 0.5
66298 0.799761904762
79211 0.5
53670 0.369047619048
53423 0.299840743313
62074 0.412142857143
53645 0.468253968254
74786 0.874867724868
70953 0.166666666667
71013 0.666666666667
57626 0.299840743313
70248 0.762202380952
66311 0.834981684982
74711 0.95
53077 0.225
74617 0.875
70343 0.299840743313
70995 0.175
70297 0.707326007326
74353 0.5
72796 0.3
72867 0.47619047619
72524 0.299840743313
52018 0.25
81261 0.75
78234 0.75
75210 0.588775510204
55196 0.860714285714
70263 0.79880952381
54830 0.485119047619
53678 0.404761904762
71005 0.65
55120 0.331746031746
62011 0.543080357143
74401 0.299840743313
74361 0.475
53400 0.2
73335 0.893333333333
74018 0.686666666667
74322 0.738095238095
70938 0.65
61867 0.398484848485
74971 0.269387755102
61765 0.299840743313
52675 0.299840743313
53195 0.429166666667
55840 0.75
57050 0.9
78223 0.75
73303 0.749579831933
70369 0.485714285714
54030 0.753174603175
71014 0.783333333333
70314 0.474047619048
52733 0.166666666667
55792 0.208333333333
53389 0.4
73312 0.5
74397 0.834848484848
62511 0.604545454545
53409 0.9
75368 0.630357142857
74434 0.183333333333
62055 0.884126984127
61678 0.809821428571
66340 0.867142857143
75365 0.728571428571
53394 0.475
62005 0.45
53529 0.791666666667
53227 0.851428571429
62064 0.856051587302
62073 0.755555555556
61882 0.573660714286
72876 0.25
70351 0.55
53383 0.9
52643 0.589285714286
66299 0.762202380952
66312 0.649702380952
73362 0.425952380952
71944 0.571428571429
53384 0.299840743313
62688 0.344897959184
74615 0.937925170068
74616 0.916666666667
73469 0.316071428571
55124 0.714761904762
53332 0.299840743313
61689 0.612142857143
64652 0.75
62099 0.331398809524
72866 0.464285714286
78434 0.5
70989 0.299840743313
53194 0.809183673469
72914 0.75
70319 0.676686507937
70981 0.299840743313
74737 0.79873015873
70472 0.5
61975 0.696853741497
71026 0.65380952381
57048 0.502976190476
70977 0.299840743313
62326 0.83
52842 0.660714285714
78467 0.9
55824 0.299840743313
62017 0.765178571429
61982 0.213571428571
71028 0.65
75366 0.478571428571
73336 0.6
66313 0.4
52106 0.9
70902 0.299840743313
73307 0.823511904762
78263 0.75
70368 0.299840743313
52659 0.862142857143
52070 0.299840743313
73344 0.663461538462
53419 0.9
70315 0.559821428571
62879 0.5
66341 0.85625
53401 0.4
84449 0.299840743313
62012 0.766666666667
55165 0.75
74128 0.25
52094 0.361111111111
53376 0.299840743313
67040 0.46164021164
53428 0.9
75369 0.675
78298 0.9
73308 0.774166666667
62856 0.5
55681 0.4
66300 0.8675
56897 0.299840743313
73268 0.565476190476
61857 0.679166666667
70355 0.299840743313
53555 0.866666666667
52651 0.604761904762
62730 0.539508928571
61980 0.603113553114
62072 0.658058608059
53328 0.25
62024 0.760714285714
73468 0.834615384615
62286 0.12196969697
71029 0.299840743313
73233 0.2
62066 0.235952380952
74614 0.734687336473
73343 0.746296296296
70912 0.205555555556
53197 0.801587301587
62063 0.299840743313
72550 0.299840743313
74377 0.622321428571
64651 0.233333333333
70982 0.166666666667
61976 0.66875
62687 0.6
61995 0.879761904762
72440 0.166666666667
76593 0.495976082741
71913 0.1
61869 0.255634920635
70691 0.299840743313
78293 0.299840743313
71995 0.771541950113
84004 0.299840743313
74344 0.871428571429
70252 0.689186507937
70363 0.142857142857
53427 0.75
78225 0.299840743313
53411 0.9
70312 0.6625
53399 0.675
62022 0.39375
56974 0.535714285714
71946 0.515873015873
70286 0.692857142857
78231 0.75
53396 0.6
70943 0.74
53392 0.2
61875 0.525396825397
71020 0.616666666667
71023 0.666666666667
53188 0.96
74363 0.613888888889
53425 0.299840743313
74282 0.947916666667
55119 0.0642857142857
73466 0.25
53334 0.75
72763 0.299840743313
74310 0.933333333333
64737 0.935714285714
53458 0.299840743313
73369 0.634325396825
70337 0.838095238095
73368 0.38125
71914 0.391666666667
62731 0.677106227106
75439 0.5
73500 0.299840743313
53069 0.555555555556
61999 0.893333333333
66303 0.666666666667
57654 0.225
62078 0.853968253968
62061 0.299840743313
53680 0.47619047619
62007 0.744588744589
72549 0.299840743313
52054 0.85
53406 0.9
79208 0.9
78261 0.299840743313
61855 0.368650793651
70997 0.633333333333
61977 0.399603174603
73976 0.375
62717 0.189603174603
53414 0.9
74823 0.299840743313
62710 0.842091836735
53523 0.225
73327 0.233333333333
52058 0.299840743313
53461 0.299840743313
62008 0.63489010989
53329 0.299840743313
70338 0.933333333333
62019 0.724234693878
70347 0.299840743313
75548 0.4
65002 0.299840743313
62402 0.808035714286
61907 0.471258503401
52051 0.5
71984 0.619727891156
74321 0.874267399267
55123 0.299840743313
62683 0.789540816327
52639 0.857142857143
62015 0.586805555556
66306 0.652777777778
61614 0.714285714286
53222 0.567857142857
62013 0.180873015873
62009 0.519494047619
53746 0.240476190476
58463 0.75
55771 0.9
53180 0.457142857143
53426 0.9
72507 0.299840743313
66349 0.27380952381
62711 0.626116071429
62691 0.719047619048
62690 0.751746031746
55134 0.928571428571
53108 0.269047619048
62028 0.739285714286
73319 0.836111111111
70913 0.866666666667
83451 0.299840743313
74308 0.275
53379 0.299840743313
79317 0.299840743313
70323 0.586666666667
66302 0.863461538462
53518 0.299840743313
72553 0.299840743313
52623 0.147619047619
53424 0.299840743313
53652 0.103174603175
54024 0.125
61868 0.604166666667
53398 0.475
71015 0.216666666667
53415 0.299840743313
62071 0.713736263736
53463 0.25
73320 0.630714285714
73325 0.74304029304
71916 0.299840743313
70944 0.3875
72518 0.299840743313
52053 0.5
53410 0.299840743313
70336 0.711428571429
79326 0.25
62716 0.5
53183 0.75
77725 0.75625
71022 0.828571428571
53252 0.8
53217 0.808095238095
53459 0.75
52653 0.47619047619
53388 0.299840743313
70919 0.299840743313
53649 0.321428571429
74749 0.587751831502
55856 0.733134920635
70939 0.875
74302 0.125
74325 0.425
74298 0.8
70313 0.75
75370 0.527777777778
53317 0.847619047619
52646 0.658503401361
81499 0.5
74783 0.753333333333
52057 0.75
74612 0.824404761905
71979 0.580357142857
52645 0.507142857143
53407 0.75
70950 0.544285714286
52088 0.75
61987 0.525
75239 0.879411764706
56553 0.5
53413 0.9
70918 0.845833333333
76653 0.875
74356 0.875
52102 0.625
65033 0.780859010271
78438 0.9
55203 0.5
53669 0.269841269841
71006 0.133333333333
52456 0.738095238095
62025 0.253388278388
71017 0.789285714286
72552 0.299840743313
53336 0.299840743313
71992 0.47619047619
53416 0.75
62051 0.70128968254
53181 0.512857142857
58702 0.571428571429
74306 0.299840743313
52655 0.659523809524
53333 0.25
61629 0.669372294372
52463 0.861111111111
62708 0.329761904762
81539 0.299840743313
70429 0.595238095238
71018 0.72619047619
61988 0.808874458874
65359 0.299840743313
53455 0.5
70271 0.5
67018 0.370634920635
61688 0.79380952381
53404 0.25
53369 0.299840743313
53190 0.877083333333
62684 0.305793650794
52080 0.6875
53380 0.299840743313
84086 0.25
53084 0.367619047619
70259 0.444761904762
62878 0.5
52647 0.491666666667
62077 0.443253968254
53101 0.125
74328 0.85
53223 0.299840743313
78300 0.9
74613 0.64880952381
61997 0.7125
62734 0.813636363636
62709 0.706802721088
75437 0.410714285714
62210 0.208333333333
73978 0.333333333333
66342 0.25
70999 0.377777777778
52060 0.299840743313
61878 0.4
71001 0.3
73363 0.522142857143
70262 0.484375
74741 0.640773809524
70382 0.375
71030 0.641666666667
55832 0.698412698413
53493 0.933333333333
73487 0.299840743313
53390 0.8
71978 0.785714285714
52069 0.75
62054 0.455555555556
72091 0.35
53202 0.3
53232 0.542857142857
53462 0.299840743313
77781 0.299840743313
70917 0.5
70909 0.153333333333
62713 0.597767857143
79812 0.919642857143
74371 0.821428571429
78221 0.9
53671 0.547619047619
52640 0.719047619048
54904 0.869047619048
61979 0.785714285714
53393 0.7
74800 0.8625
66345 0.3
70940 0.7
73993 0.333333333333
53102 0.18373015873
71025 0.625
53126 0.533928571429
61861 0.528928571429
75377 0.466666666667
62707 0.435952380952
53186 0.619047619048
62230 0.299840743313
53417 0.9
62469 0.790476190476
71019 0.663392857143
73330 0.779081632653
52083 0.299840743313
55130 0.535714285714
73324 0.846984126984
73333 0.731944444444
58461 0.25
78299 0.9
70251 0.771666666667
53117 0.33869047619
70955 0.375
66314 0.794246031746
74611 0.835873015873
73349 0.781428571429
52665 0.345238095238
62714 0.739682539683
62027 0.774047619048
53405 0.5
53091 0.166666666667
71021 0.577083333333
53189 0.792857142857
58464 0.9
78230 0.75
53654 0.15873015873
76802 0.299840743313
73331 0.838265306122
74320 0.64619047619
70284 0.761904761905
52078 0.75
71031 0.742857142857
53681 0.130952380952
52091 0.25
53546 0.55
55834 0.299840743313
66304 0.690178571429
52059 0.5
70299 0.793571428571
72417 0.35
70946 0.5
61763 0.166666666667
63851 0.45
70302 0.708333333333
70948 0.6
69763 0.568452380952
52633 0.222354497354
52648 0.698511904762
74327 0.45
62053 0.525
53677 0.380952380952
53565 0.619047619048
53535 0.65
61989 0.933333333333
71951 0.853333333333
70266 0.613756613757
73371 0.572857142857
66308 0.830654761905
