70777 0.54
74882 0.707936507937
75208 0.33
62715 0.196513605442
62470 0.789010989011
73340 0.732467532468
72410 0.783333333333
73318 0.864285714286
52075 0.666666666667
54563 0.33524997883
61631 0.827210884354
74759 0.86
62328 0.173958333333
79971 0.7875
70863 0.825
62049 0.587698412698
62719 0.829591836735
71690 0.339285714286
70865 0.875
70843 0.7
52593 0.74375
70771 0.683333333333
61608 0.775
70260 0.391964285714
70785 0.7625
72076 0.33524997883
52687 0.88869047619
74293 0.683928571429
73488 0.579166666667
70766 0.7875
61991 0.709183673469
61687 0.861172161172
70281 0.666666666667
75254 0.535317460317
71623 0.814285714286
70826 0.78
73305 0.73869047619
62023 0.127655677656
70783 0.683333333333
75216 0.752380952381
62689 0.848313492063
70772 0.8125
73350 0.746513605442
65038 0.817261904762
70778 0.69
64865 0.396825396825
73467 0.708333333333
70293 0.518518518519
62732 0.65431547619
73358 0.804166666667
74747 0.723095238095
72123 0.709126984127
61981 0.82
59700 0.8125
74763 0.734656084656
54343 0.610034013605
62340 0.673015873016
62060 0.355753968254
73347 0.819761904762
73332 0.895833333333
70317 0.678787878788
71783 0.591964285714
61974 0.710497835498
70784 0.33524997883
71625 0.447115384615
71622 0.619230769231
73832 0.694047619048
52610 0.441666666667
62010 0.597420634921
81857 0.775
62729 0.850850340136
52068 0.566666666667
62275 0.441137566138
73370 0.8125
79821 0.8
66311 0.873443223443
70798 0.75
74711 0.916666666667
69313 0.846875
71908 0.838888888889
71591 0.305357142857
75209 0.359887566138
75249 0.775892857143
70825 0.75
74796 0.662662337662
70300 0.842063492063
70847 0.866666666667
72291 0.4
55196 0.896428571429
62331 0.18112244898
62011 0.574330357143
73356 0.409948979592
73335 0.91
74322 0.758928571429
61972 0.37619047619
67019 0.544444444444
61867 0.421212121212
73303 0.754481792717
70314 0.479603174603
70846 0.833333333333
70779 0.59
70781 0.9
62109 0.36875
73366 0.406666666667
75224 0.671715167549
62108 0.583333333333
62055 0.884126984127
75250 0.831632653061
70790 0.826666666667
74309 0.764682539683
62272 0.716369047619
70834 0.91
56330 0.45
62064 0.897718253968
70832 0.69
62050 0.88125
81355 0.8
66312 0.67748015873
71998 0.375
62327 0.618367346939
61689 0.662142857143
52588 0.6125
62099 0.320982142857
74552 0.806944444444
62283 0.227551020408
74737 0.79873015873
75753 0.613888888889
61975 0.732568027211
75229 0.886734693878
74545 0.766326530612
72783 0.33524997883
73322 0.825714285714
70833 0.875
73599 0.816666666667
63843 0.33524997883
82007 0.33524997883
61982 0.246904761905
62017 0.770386904762
53802 0.872222222222
70808 0.14
73307 0.844345238095
75253 0.420238095238
70845 0.8125
71576 0.4625
73344 0.701923076923
70315 0.601488095238
62012 0.742857142857
70782 0.8875
73311 0.602813852814
70844 0.46
66300 0.8675
72114 0.700757575758
61857 0.734722222222
74534 0.9
62730 0.575967261905
70318 0.68619047619
62024 0.794047619048
73468 0.834615384615
62286 0.152272727273
81417 0.75
75245 0.767965367965
74883 0.8
62066 0.269285714286
61627 0.633333333333
52587 0.46875
62006 0.621666666667
79838 0.775
74942 0.533333333333
52589 0.76875
52592 0.2125
61976 0.73125
75542 0.775
61995 0.879761904762
76593 0.515583925878
74760 0.57
61869 0.266746031746
79973 0.75
61851 0.72619047619
81471 0.8
70789 0.65
70791 0.725
70312 0.745833333333
62692 0.339743589744
73591 0.867956349206
72059 0.855291005291
62022 0.497916666667
74794 0.85625
70769 0.7625
62274 0.419387755102
71588 0.6
70279 0.887142857143
73601 0.678571428571
71726 0.9
72127 0.600297619048
71638 0.443795787546
71694 0.33524997883
74282 0.947916666667
74766 0.645123177476
52605 0.91875
70264 0.311011904762
62061 0.33524997883
70269 0.225
62007 0.774891774892
52054 0.933333333333
62273 0.772857142857
61855 0.387169312169
72052 0.595535714286
70792 0.8375
62717 0.222936507937
52062 0.33524997883
62710 0.859948979592
73327 0.214814814815
74792 0.845714285714
73043 0.57
52051 0.583333333333
61986 0.718831168831
74321 0.874267399267
73701 0.852827380952
62683 0.765731292517
61683 0.914032536091
73682 0.756994047619
70275 0.540476190476
62015 0.579861111111
61614 0.714285714286
62013 0.180873015873
71996 0.7
62711 0.631324404762
62690 0.790634920635
62028 0.763095238095
73319 0.863888888889
61776 0.33524997883
79974 0.33524997883
71709 0.285714285714
52598 0.91875
66302 0.876282051282
54024 0.166666666667
53348 0.33524997883
74801 0.6375
71736 0.644175824176
62071 0.707326007326
52591 0.8375
52606 0.6625
52053 0.5
61677 0.721875
70250 0.9
56432 0.345238095238
66343 0.654047619048
74290 0.827056277056
71721 0.33524997883
70839 0.7375
74749 0.601640720391
56496 0.222916666667
52646 0.694217687075
75754 0.758333333333
62686 0.84652014652
79986 0.55
52057 0.916666666667
73304 0.735357142857
71589 0.677777777778
66350 0.8
70829 0.9
74773 0.440476190476
71779 0.150148809524
75215 0.716666666667
65033 0.780859010271
70828 0.752857142857
79978 0.75
75252 0.654081632653
73299 0.864627039627
61988 0.831601731602
67018 0.42619047619
74875 0.795535714286
62684 0.361349206349
69316 0.637755102041
52080 0.729166666667
52608 0.74375
70861 0.8375
70259 0.428095238095
70842 0.33524997883
62077 0.461772486772
71581 0.71
61997 0.65
62734 0.813636363636
66305 0.429591836735
62709 0.700850340136
61878 0.542857142857
73363 0.605476190476
70262 0.5
71578 0.733333333333
70764 0.408333333333
69314 0.717336309524
70787 0.775
72053 0.664285714286
62713 0.602976190476
62001 0.86875
71691 0.33524997883
73352 0.523958333333
54904 0.869047619048
73821 0.919047619048
52595 0.69375
81376 0.6
61861 0.587261904762
62707 0.447063492063
62469 0.798051948052
74805 0.585119047619
70862 0.616666666667
73330 0.832653061224
70870 0.675
73324 0.863650793651
73333 0.759722222222
74608 0.654965404965
70841 0.33524997883
74326 0.761547619048
66314 0.815079365079
74611 0.813650793651
73349 0.748095238095
84445 0.8
70827 0.766666666667
62714 0.730423280423
62069 0.804017857143
73331 0.844217687075
55231 0.166666666667
74320 0.72119047619
62735 0.71
74774 0.730555555556
62342 0.844897959184
70299 0.799126984127
52648 0.761011904762
71831 0.33524997883
62694 0.861160714286
62053 0.552777777778
74655 0.33524997883
73702 0.72074829932
61685 0.820238095238
73371 0.489523809524
70776 0.516666666667
71633 0.95
