76316 0.928571428571
76310 0.60496031746
62470 0.750549450549
75953 0.267621405038
75347 0.267621405038
76643 0.651334776335
75860 0.584134615385
75991 0.25
75189 0.416666666667
72121 0.75462962963
75959 0.629273504274
75213 0.674358974359
75862 0.351648351648
76320 0.426153846154
76015 0.0357142857143
55814 0.5
75919 0.375
75912 0.5625
66039 0.384615384615
58863 0.645833333333
76027 0.0825892857143
55809 0.5
76010 0.375
61773 0.283333333333
75968 0.2
75346 0.267621405038
76639 0.580547924298
75242 0.774074074074
76416 0.217261904762
76609 0.576636904762
75989 0.604166666667
75997 0.25
76163 0.25
75930 0.546258503401
74786 0.874867724868
76054 0.267621405038
64712 0.305555555556
74707 0.734027777778
74796 0.639935064935
76595 0.837222222222
76394 0.267621405038
57903 0.5
75861 0.797321428571
76181 0.25
76020 0.333333333333
55803 0.416666666667
76017 0.320512820513
75224 0.671715167549
55816 0.625
76324 0.375
76179 0.3125
76012 0.25
64615 0.315476190476
76607 0.831101190476
76026 0.25
76208 0.267621405038
76018 0.224107142857
76644 0.622222222222
75970 0.35
75934 0.0416666666667
76060 0.84375
74614 0.734687336473
76603 0.709567901235
74804 0.822115384615
75979 0.9
76605 0.740316521086
75904 0.640415140415
71995 0.795351473923
76330 0.75
75906 0.31691522763
75992 0.166666666667
76422 0.361111111111
75191 0.666666666667
71609 0.751131606489
75859 0.513888888889
74766 0.640221216692
75924 0.263888888889
75910 0.733134920635
75944 0.75
75878 0.319444444444
74950 0.661904761905
57909 0.873511904762
75161 0.25
64602 0.333333333333
74792 0.829047619048
76045 0.9
76038 0.166666666667
76209 0.267621405038
76318 0.791666666667
75190 0.267621405038
76167 0.333333333333
76044 0.267621405038
75917 0.646260683761
76315 0.75
76613 0.895734126984
76214 0.267621405038
75160 0.5
76152 0.267621405038
65209 0.46233974359
74543 0.803869047619
76650 0.761904761905
75877 0.302083333333
65033 0.790662931839
76240 0.5
76312 0.545436507937
58858 0.553571428571
55808 0.708333333333
69314 0.72775297619
65186 0.267621405038
75192 0.166666666667
75290 0.267621405038
75963 0.25
74608 0.647028897029
80346 0.971781305115
74611 0.824761904762
75973 0.290773809524
65211 0.333333333333
75939 0.25
64690 0.5
76046 0.375
57908 0.88956043956
76313 0.583333333333
65230 0.670068027211
75781 0.308913308913
75894 0.267621405038
