77860 0.735028860029
71546 0.797016178266
72036 0.340848863394
72031 0.340848863394
72979 0.340848863394
77759 0.940656565657
71530 0.726510989011
71537 0.765308302808
74281 0.340848863394
71959 0.25
71548 0.909294871795
73983 0.2
74022 0.340848863394
72020 0.340848863394
73048 0.333333333333
71613 0.83044519583
77931 0.833928571429
72980 0.5
72028 0.340848863394
73975 0.340848863394
72969 0.340848863394
71545 0.71130952381
77912 0.901984126984
71606 0.798223443223
71611 0.765132783883
71966 0.25
71600 0.556261446886
71547 0.917938542939
72037 0.340848863394
73575 0.309523809524
71616 0.716137566138
71612 0.804100529101
72030 0.340848863394
72033 0.340848863394
71544 0.945833333333
71618 0.937037037037
77829 0.69494047619
71956 0.340848863394
71602 0.642897842898
71598 0.677968559219
73997 0.340848863394
77761 0.72380952381
75141 0.907596371882
71617 0.884004884005
77785 0.9
77770 0.784970238095
74615 0.937925170068
71532 0.778281440781
71974 0.25
73032 0.357142857143
74737 0.809841269841
72021 0.340848863394
71601 0.82264957265
71529 0.736080586081
72019 0.340848863394
73576 0.25
74128 0.75
71533 0.711615948154
73977 0.6
73982 0.2
71538 0.754753579754
77731 0.791486291486
72043 0.340848863394
71954 0.75
71614 0.564119214119
84595 0.340848863394
71599 0.953125
71609 0.763036368394
73686 0.340848863394
77763 0.964285714286
73976 0.625
71952 0.75
73582 0.340848863394
71539 0.824374236874
71604 0.877976190476
72022 0.340848863394
73585 0.9
72600 0.340848863394
72032 0.340848863394
71603 0.861492673993
72987 0.111111111111
71605 0.702619047619
71542 0.767509157509
72039 0.340848863394
73979 0.9
71608 0.818073593074
71697 0.919871794872
73995 0.6
73026 0.357142857143
77729 0.193542568543
72027 0.340848863394
73984 0.8
72025 0.340848863394
77743 0.735863095238
71535 0.839018620269
72034 0.340848863394
73978 0.666666666667
73017 0.206349206349
77787 0.433621933622
71534 0.809958791209
73985 0.340848863394
72024 0.340848863394
73692 0.333333333333
77788 0.636111111111
73993 0.416666666667
71960 0.5
72971 0.340848863394
71536 0.728188478188
72026 0.340848863394
71607 0.93224852071
72970 0.340848863394
72035 0.340848863394
72978 0.340848863394
77751 0.693542568543
