72354 0.30889331117
77860 0.735028860029
64535 0.6
71207 0.30889331117
84058 0.845238095238
71546 0.783127289377
80121 0.30889331117
80134 0.30889331117
84007 0.462301587302
77759 0.955808080808
71530 0.659844322344
71537 0.779197191697
76643 0.696789321789
83997 0.325396825397
71610 0.826428571429
84001 0.642857142857
72121 0.75462962963
78887 0.30889331117
71548 0.859294871795
84020 0.31746031746
75862 0.327838827839
76033 0.791666666667
71235 0.30889331117
71613 0.817624683009
83784 0.541666666667
77931 0.800595238095
80343 0.620634920635
80109 0.30889331117
84006 0.5
83996 0.833333333333
84017 0.628968253968
80114 0.30889331117
80341 0.527777777778
71188 0.30889331117
84000 0.833333333333
76639 0.55277014652
75242 0.737037037037
75442 0.813492063492
76609 0.680803571429
83525 0.727182539683
84731 0.348214285714
71545 0.627976190476
71180 0.30889331117
77912 0.901984126984
71606 0.781556776557
71611 0.737355006105
75372 0.878571428571
84482 0.30889331117
71600 0.493761446886
75435 0.30889331117
71547 0.890160765161
74786 0.893386243386
83723 0.25
64550 0.30889331117
83716 0.375
71616 0.660582010582
75209 0.408498677249
72353 0.30889331117
74707 0.713194444444
71612 0.730026455026
80342 0.525396825397
83979 0.333333333333
80123 0.30889331117
71544 0.9125
71618 0.937037037037
77829 0.653273809524
83985 0.261904761905
71528 0.722395197395
83585 0.30889331117
71602 0.642897842898
77683 0.555272108844
71598 0.66407967033
83995 0.375
77761 0.690476190476
75368 0.547023809524
75224 0.662455908289
78059 0.30889331117
75453 0.714285714286
71617 0.828449328449
75365 0.728571428571
77785 0.984848484848
77770 0.680803571429
80339 0.603835978836
71146 0.5
84022 0.729166666667
77738 0.900488400488
71532 0.736614774115
75753 0.634722222222
83987 0.329365079365
84002 0.125
71601 0.780982905983
71208 0.30889331117
71529 0.736080586081
84606 0.30889331117
83994 0.690476190476
58033 0.458333333333
83710 0.136904761905
76607 0.872767857143
84225 0.400793650794
83783 0.196428571429
75364 0.30889331117
83984 0.47619047619
76070 0.285714285714
84008 0.330357142857
71533 0.647513384052
62442 0.744791666667
84207 0.269841269841
80117 0.30889331117
84009 0.267857142857
75433 0.30889331117
74614 0.746592098378
83766 0.375
80338 0.615873015873
77905 0.728571428571
80345 0.732142857143
71538 0.724450549451
83771 0.570578231293
77731 0.776334776335
75865 0.30889331117
71614 0.564119214119
71599 0.911458333333
73591 0.847123015873
80110 0.30889331117
80119 0.30889331117
80398 0.58630952381
71609 0.763036368394
61777 0.846741452991
83993 0.479166666667
80130 0.30889331117
84025 0.133928571429
77763 0.949134199134
83980 0.30889331117
77717 0.714285714286
84480 0.19246031746
83765 0.25
80124 0.30889331117
74792 0.795714285714
83717 0.255265567766
83990 0.446428571429
83589 0.239316239316
71539 0.768818681319
71604 0.89880952381
84726 0.133814102564
84971 0.125
83757 0.133928571429
80139 0.30889331117
71603 0.811492673993
76528 0.9
71605 0.652619047619
76613 0.895734126984
80111 0.30889331117
71542 0.750842490842
83981 0.166666666667
71608 0.802922077922
78882 0.30889331117
84233 0.30889331117
75370 0.305555555556
71697 0.864316239316
76650 0.761904761905
80132 0.30889331117
76641 0.934523809524
83986 0.122863247863
77729 0.193542568543
64531 0.30889331117
65033 0.810270774977
83999 0.30889331117
73299 0.872202797203
76589 0.810531135531
84013 0.337301587302
77757 0.75
83988 0.60119047619
80347 0.482142857143
71203 0.30889331117
80115 0.30889331117
77743 0.735863095238
76640 0.916666666667
84010 0.138888888889
71535 0.769574175824
71541 0.658630952381
84516 0.498190301762
83522 0.9
74227 0.625
77938 0.90306122449
74741 0.668551587302
83820 0.30889331117
84048 0.464285714286
76648 0.85
77787 0.403318903319
71534 0.768292124542
80135 0.30889331117
75444 0.30889331117
77788 0.602777777778
75377 0.244444444444
84018 0.331349206349
71151 0.30889331117
83998 0.448412698413
74608 0.647028897029
84515 0.196428571429
76851 0.860670194004
71536 0.773643023643
80346 0.971781305115
71607 0.91942800789
71540 0.777426739927
83714 0.36578525641
77751 0.648088023088
80125 0.30889331117
78891 0.30889331117
76177 0.30889331117
85207 0.30889331117
57908 0.902380952381
80340 0.698412698413
84021 0.208333333333
