76310 0.549404761905
62470 0.750549450549
84058 0.928571428571
71546 0.769238400488
84007 0.462301587302
71537 0.751419413919
76643 0.651334776335
83997 0.269841269841
71610 0.859761904762
84001 0.365079365079
75189 0.25
72121 0.776851851852
84020 0.484126984127
75213 0.648717948718
75862 0.399267399267
84514 0.293340719893
76015 0.0357142857143
75947 0.468253968254
83983 0.293340719893
71613 0.804804170189
76027 0.0825892857143
84006 0.333333333333
83996 0.722222222222
84017 0.628968253968
75896 0.293340719893
84000 0.9
76639 0.524992368742
75242 0.737037037037
76609 0.576636904762
83525 0.727182539683
83817 0.383928571429
71611 0.709577228327
75930 0.498639455782
83686 0.464285714286
71616 0.716137566138
75209 0.366832010582
74707 0.692361111111
74796 0.655086580087
71612 0.748544973545
83979 0.293340719893
76595 0.820555555556
75246 0.684761904762
71544 0.9125
62441 0.845238095238
75188 0.333333333333
83985 0.373015873016
71528 0.759432234432
71602 0.642897842898
71598 0.677968559219
83995 0.375
75969 0.708333333333
75224 0.643937389771
84022 0.8125
74552 0.8
71532 0.722725885226
83987 0.384920634921
71601 0.780982905983
71529 0.736080586081
83994 0.77380952381
58033 0.410714285714
83710 0.103571428571
84014 0.125
76607 0.831101190476
84225 0.511904761905
83984 0.47619047619
75187 0.166666666667
71533 0.673154409693
62442 0.723958333333
76018 0.224107142857
84207 0.214285714286
76644 0.65
74614 0.746592098378
71538 0.724450549451
83771 0.546768707483
76605 0.701854982624
76593 0.466564318035
75904 0.501526251526
75906 0.29310570382
76061 0.293340719893
71599 0.911458333333
71609 0.739226844584
61777 0.86063034188
73018 0.196428571429
74766 0.630417295123
83993 0.395833333333
74740 0.693928571429
74950 0.638095238095
57909 0.852678571429
75161 0.666666666667
84480 0.248015873016
75157 0.166666666667
83778 0.410714285714
74792 0.829047619048
83717 0.255265567766
83589 0.128205128205
71539 0.768818681319
84726 0.0504807692308
75999 0.833333333333
76009 0.0178571428571
75158 0.833333333333
83764 0.293340719893
76613 0.895734126984
76707 0.958333333333
71542 0.734175824176
75160 0.611111111111
71608 0.787770562771
74543 0.762202380952
76650 0.761904761905
75877 0.09375
76641 0.934523809524
83986 0.233974358974
75239 0.908823529412
83759 0.319768772894
75215 0.702777777778
75899 0.293340719893
65033 0.780859010271
84272 0.0833333333333
84005 0.293340719893
76589 0.796642246642
84013 0.392857142857
83775 0.519047619048
83988 0.559523809524
76590 0.72
75972 0.353571428571
76640 0.9
84010 0.0833333333333
71535 0.769574175824
84516 0.498190301762
76312 0.489880952381
74741 0.668551587302
84048 0.547619047619
76648 0.816666666667
75232 0.709821428571
69314 0.686086309524
71534 0.768292124542
75192 0.166666666667
84018 0.553571428571
75914 0.293340719893
84012 0.293340719893
83998 0.448412698413
74608 0.647028897029
76851 0.842151675485
71536 0.713036963037
75159 0.833333333333
74611 0.813650793651
75973 0.33244047619
71607 0.91942800789
76384 0.5
71540 0.71076007326
76652 0.831428571429
57908 0.88956043956
84021 0.375
65230 0.670068027211
