52876 0.75
52971 0.77380952381
52880 0.9
74402 0.63
52723 0.388284784415
74030 0.5
70470 0.388284784415
73345 0.9
73488 0.525595238095
70494 0.9
71623 0.742857142857
52843 0.75
52887 0.9
52731 0.5
52787 0.9
52882 0.9
52968 0.875
62463 0.388284784415
52851 0.388284784415
70332 0.166666666667
52789 0.75
73300 0.125
52786 0.9
52869 0.9
54927 0.9
52445 0.388284784415
52983 0.428571428571
52736 0.25
52978 0.857142857143
52881 0.388284784415
52740 0.5
52739 0.875
72867 0.75
71275 0.9
70497 0.9
52811 0.9
52801 0.75
54916 0.285714285714
73303 0.748179271709
52792 0.75
52785 0.9
52741 0.388284784415
72742 0.388284784415
52972 0.388284784415
52842 0.541666666667
73355 0.46130952381
53802 0.872222222222
54931 0.571428571429
52738 0.75
52802 0.388284784415
52965 0.875
52877 0.9
52891 0.5
70463 0.466666666667
52462 0.610119047619
73262 0.2
53236 0.9
73268 0.597222222222
52784 0.9
72114 0.700757575758
73468 0.845604395604
71201 0.9
55162 0.388284784415
52879 0.9
52886 0.9
53713 0.694444444444
52871 0.9
52735 0.9
74282 0.947916666667
74310 0.877777777778
52726 0.75
52849 0.25
52853 0.9
52732 0.388284784415
70431 0.372222222222
70460 0.388284784415
54909 0.857142857143
52872 0.388284784415
52845 0.5
53042 0.388284784415
52856 0.9
52850 0.75
52804 0.5
52410 0.388284784415
52964 0.759920634921
77725 0.714583333333
52791 0.9
52878 0.75
73304 0.699642857143
52478 0.75
52779 0.388284784415
70504 0.9
73299 0.8418997669
70429 0.555555555556
52884 0.388284784415
54917 0.77380952381
52724 0.75
52780 0.9
52783 0.9
52982 0.857142857143
70492 0.625
52798 0.9
52868 0.9
52788 0.9
72918 0.857142857143
54912 0.9
52742 0.8125
52873 0.875
52861 0.625
52996 0.388284784415
52806 0.5625
52799 0.9
52889 0.9
52859 0.25
53269 0.822222222222
54920 0.9
52867 0.9
70493 0.9
52975 0.9
52409 0.388284784415
