53612 0.5
65037 0.845
52488 0.571428571429
52461 0.611111111111
56514 0.833333333333
62715 0.18630952381
55854 0.718095238095
70273 0.166666666667
53644 0.5
61631 0.740476190476
53676 0.333333333333
53679 0.5
66310 0.384090909091
52042 0.706746031746
62095 0.779365079365
52618 0.333333333333
60040 0.833333333333
71994 0.666666666667
70282 0.53125
61608 0.807467532468
72121 0.792724867725
52499 0.291666666667
73488 0.586819727891
72117 0.675
71735 0.34
53876 0.333333333333
61687 0.874908424908
56484 0.666666666667
53603 0.833333333333
71942 0.916666666667
55175 0.551587301587
53641 0.333333333333
71987 0.694444444444
62057 0.333333333333
62278 0.833333333333
52672 0.775
54018 0.433333333333
71986 0.75
62689 0.863194444444
74258 0.575
73350 0.787329931973
73668 0.722222222222
56466 0.666666666667
71948 0.558333333333
52657 0.705357142857
70293 0.554232804233
62732 0.674404761905
53604 0.666666666667
72123 0.697222222222
52464 0.688095238095
74763 0.754497354497
62340 0.637301587302
54343 0.691666666667
72116 0.833333333333
55185 0.691071428571
62010 0.573611111111
62729 0.891666666667
61879 0.0642857142857
53403 0.315036729231
66298 0.807698412698
53670 0.5
53645 0.333333333333
67037 0.815
54831 0.690476190476
53656 0.166666666667
72863 0.315036729231
70248 0.797916666667
66311 0.867948717949
71945 0.75
74617 0.875
70297 0.727472527473
53567 0.5
52486 0.541666666667
70300 0.865873015873
52668 0.785714285714
71981 0.315036729231
71949 0.4875
52502 0.564285714286
72555 0.4
72864 0.9
72115 0.5375
70263 0.79880952381
53600 0.333333333333
54830 0.544642857143
53678 0.5
62011 0.587723214286
53987 0.285714285714
73356 0.379336734694
53571 0.833333333333
71982 0.5
71989 0.315036729231
61972 0.409523809524
67019 0.584920634921
74971 0.252380952381
67039 0.333333333333
62441 0.833333333333
53568 0.833333333333
70823 0.315036729231
72129 0.9
73303 0.773389355742
54030 0.800793650794
70292 0.315036729231
70314 0.510555555556
53619 0.854166666667
53605 0.266666666667
79578 0.333333333333
79414 0.333333333333
52451 0.674603174603
53602 0.315036729231
70287 0.159523809524
52495 0.761904761905
61678 0.863392857143
66340 0.895714285714
74309 0.836111111111
66301 0.521428571429
54306 0.315036729231
53721 0.333333333333
66299 0.714583333333
52453 0.895833333333
71947 0.75
53556 0.666666666667
74784 0.790476190476
71944 0.833333333333
74615 0.936224489796
70320 0.677777777778
72866 0.583333333333
76602 0.9
70319 0.712400793651
74373 0.678571428571
53613 0.333333333333
81461 0.666666666667
52497 0.944444444444
57048 0.604166666667
53993 0.5
71938 0.5
53564 0.5
52498 0.694444444444
74017 0.466666666667
62017 0.799404761905
52508 0.480158730159
71988 0.315036729231
52467 0.5
84479 0.5
56497 0.666666666667
58634 0.315036729231
55114 0.166666666667
52659 0.874047619048
72128 0.9
53673 0.666666666667
53714 0.666666666667
79588 0.166666666667
73344 0.696428571429
70315 0.610416666667
79410 0.666666666667
79416 0.5
79415 0.166666666667
53110 0.315036729231
64530 0.166666666667
70291 0.291666666667
75195 0.833333333333
73367 0.830357142857
62442 0.738839285714
61607 0.333333333333
72114 0.752705627706
54300 0.666666666667
53606 0.333333333333
62730 0.582663690476
61980 0.656227106227
70318 0.707619047619
62072 0.667216117216
73468 0.878571428571
62277 0.77962962963
75245 0.771212121212
53585 0.78253968254
61627 0.658843537415
70288 0.315036729231
53611 0.166666666667
53962 0.183333333333
52493 0.770833333333
76605 0.723833004602
61869 0.257222222222
52458 0.838095238095
54365 0.25
52466 0.375
71995 0.829365079365
70252 0.722916666667
71941 0.75
55770 0.666666666667
62692 0.358974358974
72131 0.425
56974 0.5
71946 0.555555555556
72127 0.604761904762
75223 0.527777777778
71638 0.515224358974
53642 0.166666666667
52483 0.922619047619
72124 0.666666666667
70824 0.315036729231
73369 0.668055555556
53661 0.9
62731 0.710073260073
70230 0.315036729231
52652 0.577777777778
62078 0.738888888889
53680 0.75
73817 0.4
61686 0.833333333333
62717 0.222936507937
53607 0.333333333333
57909 0.870535714286
74809 0.916666666667
72119 0.9
62008 0.678846153846
74995 0.833333333333
51999 0.9
62402 0.84375
61907 0.508673469388
71984 0.657142857143
62683 0.77593537415
53709 0.833333333333
61683 0.922435897436
70714 0.208333333333
70275 0.550680272109
71937 0.458333333333
53574 0.833333333333
53746 0.329761904762
55177 0.666666666667
66349 0.291666666667
62711 0.642485119048
52465 0.666666666667
62690 0.77873015873
52489 0.416666666667
53668 0.666666666667
70255 0.935714285714
72179 0.9
53789 0.694444444444
71782 0.733333333333
53562 0.333333333333
52623 0.314285714286
53652 0.111111111111
54799 0.333333333333
71736 0.708461538462
62071 0.721062271062
52496 0.742857142857
73325 0.785164835165
71983 0.315036729231
52615 0.309523809524
55649 0.9
73359 0.861666666667
53712 0.5
52653 0.555555555556
74290 0.85303030303
53649 0.416666666667
55856 0.756944444444
53317 0.933333333333
61984 0.353937728938
54840 0.5
52507 0.791666666667
52646 0.740136054422
62686 0.857509157509
74612 0.854166666667
71979 0.645833333333
72152 0.75
73522 0.866666666667
52642 0.741666666667
65033 0.806069094304
74607 0.5
72378 0.9
79586 0.666666666667
52663 0.683333333333
53669 0.277777777778
53576 0.5
71992 0.75
74289 0.725
71950 0.9
62693 0.512662337662
61688 0.805714285714
79419 0.333333333333
53561 0.5
70715 0.1875
71936 0.9
72668 0.683333333333
53650 0.333333333333
62684 0.342301587302
62059 0.555357142857
53580 0.666666666667
53667 0.666666666667
70402 0.944444444444
74613 0.791666666667
52620 0.400595238095
53959 0.25
72122 0.9
53648 0.5
52491 0.754761904762
70262 0.520089285714
71940 0.833333333333
55832 0.84126984127
71978 0.9
53553 0.833333333333
52485 0.694444444444
53711 0.333333333333
53675 0.5
70403 0.833333333333
52494 0.804761904762
52656 0.666666666667
53671 0.5
54904 0.940476190476
56464 0.833333333333
60038 0.833333333333
55242 0.315036729231
79412 0.315036729231
62707 0.442301587302
51997 0.315036729231
62469 0.814285714286
53615 0.166666666667
73324 0.866031746032
52484 0.722222222222
74608 0.651564044421
66314 0.818055555556
74611 0.842222222222
73349 0.776666666667
52665 0.363095238095
55188 0.585714285714
53654 0.166666666667
71935 0.566666666667
73331 0.877380952381
74320 0.674761904762
52664 0.444642857143
70324 0.728787878788
71902 0.733333333333
53666 0.690476190476
53681 0.194444444444
66304 0.702083333333
70299 0.820555555556
72113 0.315036729231
74394 0.666666666667
69763 0.583333333333
52648 0.752083333333
57908 0.88956043956
53996 0.1
52505 0.458333333333
70290 0.847619047619
71985 0.315036729231
62694 0.872321428571
62133 0.666666666667
53677 0.444444444444
81773 0.333333333333
53565 0.75
53717 0.333333333333
71951 0.786666666667
51974 0.5
70266 0.611111111111
61685 0.81130952381
70311 0.737698412698
66308 0.830654761905
53560 0.833333333333
