52358 0.6
54519 0.316491675175
77860 0.717712842713
53125 0.1
74882 0.713888888889
61599 0.316491675175
52488 0.619047619048
62451 0.476666666667
72786 0.316491675175
62715 0.196513605442
62477 0.316491675175
62470 0.761538461538
54638 0.75
52971 0.916666666667
53118 0.1
73340 0.722727272727
52371 0.8
55854 0.660952380952
73318 0.854545454545
72998 0.316491675175
54563 0.316491675175
62513 0.316491675175
71689 0.316491675175
52630 0.25
60489 0.75
62328 0.173958333333
72953 0.316491675175
72946 0.316491675175
62049 0.563888888889
62719 0.814285714286
77759 0.940656565657
55644 0.316491675175
52666 0.9
71690 0.625
52042 0.659126984127
75432 0.5
56458 0.316491675175
79842 0.783333333333
74635 0.25
52033 0.620833333333
62095 0.760317460317
70245 0.5
53187 0.497222222222
71027 0.175
52638 0.333333333333
53230 0.770833333333
61608 0.742532467532
74314 0.69880952381
72920 0.316491675175
70260 0.45
75557 0.316491675175
52687 0.870833333333
74293 0.64375
73488 0.535799319728
54606 0.316491675175
61991 0.714285714286
61687 0.85293040293
53241 0.45
75254 0.505555555556
53196 0.647222222222
72047 0.4
55175 0.503968253968
55180 0.666666666667
72093 0.695238095238
74511 0.829166666667
79854 0.766666666667
54505 0.316491675175
54558 0.45
53113 0.8125
54639 0.875
54336 0.1
52968 0.803571428571
73305 0.6375
54538 0.433333333333
62023 0.116666666667
75216 0.758333333333
52626 0.316491675175
72948 0.316491675175
61880 0.904545454545
69878 0.80625
77931 0.800595238095
62689 0.82748015873
73350 0.766921768707
65038 0.870833333333
55132 0.919047619048
54662 0.316491675175
52657 0.669642857143
72997 0.316491675175
64865 0.333333333333
53199 0.705555555556
54356 0.1
82758 0.875
80903 0.25
74764 0.908333333333
74701 0.9
62052 0.681547619048
61973 0.83125
70293 0.53835978836
52360 0.9
62732 0.647619047619
79835 0.44
54326 0.25
55184 0.316491675175
54511 0.5125
74747 0.701666666667
62718 0.788888888889
52464 0.659523809524
52667 0.4125
74763 0.722751322751
71688 0.316491675175
75442 0.805555555556
62340 0.669047619048
62060 0.331944444444
62721 0.585416666667
52357 0.8
53220 0.316491675175
71579 0.55
54927 0.9
73067 0.316491675175
54331 0.0916666666667
55185 0.583928571429
75546 0.316491675175
73347 0.823333333333
77912 0.897222222222
53621 0.75
62722 0.775833333333
81336 0.375
52983 0.714285714286
81346 0.7
54625 0.316491675175
74799 0.8
71783 0.61875
61974 0.67803030303
71681 0.316491675175
52374 0.4
73832 0.658333333333
52649 0.661111111111
52978 0.9
52492 0.583333333333
54324 0.25
75372 0.783333333333
53086 0.25
70254 0.507142857143
62729 0.850850340136
62014 0.891666666667
62275 0.50462962963
53225 0.0555555555556
73370 0.78125
66298 0.798174603175
72960 0.316491675175
62074 0.438333333333
54831 0.619047619048
70326 0.78
54545 0.316491675175
66311 0.834981684982
54518 0.316491675175
54555 0.316491675175
69313 0.784375
70297 0.705494505495
52368 0.6
62289 0.63
71703 0.25
71591 0.2875
75209 0.398578042328
73013 0.316491675175
75249 0.66875
72994 0.316491675175
74796 0.652922077922
70300 0.853968253968
52668 0.857142857143
60313 0.316491675175
75210 0.602380952381
55196 0.860714285714
75246 0.696666666667
52502 0.564285714286
70263 0.79880952381
54500 0.316491675175
54651 0.219444444444
54830 0.544642857143
54619 0.0666666666667
62331 0.160714285714
55120 0.3
54562 0.4
62011 0.578794642857
53987 0.285714285714
73356 0.389540816327
62167 0.0833333333333
75440 0.316491675175
73335 0.893333333333
74322 0.75
52353 0.8
61972 0.4
67019 0.537301587302
54594 0.316491675175
61985 0.4
62441 0.833333333333
72094 0.316491675175
52658 0.4
56527 0.316491675175
77829 0.703869047619
80896 0.5
54916 0.714285714286
70369 0.466666666667
73303 0.748179271709
54924 0.316491675175
54327 0.25
54030 0.769047619048
52040 0.597619047619
77683 0.50425170068
72961 0.316491675175
53105 0.125
52451 0.531746031746
77761 0.690476190476
75368 0.654166666667
75224 0.659810405644
75453 0.5
53095 0.75
52495 0.797619047619
62055 0.9
79839 0.4875
61678 0.827678571429
75250 0.857142857143
66340 0.881428571429
54612 0.3125
81412 0.5
75365 0.8
70268 0.379166666667
62272 0.752083333333
77785 0.984848484848
54293 0.0416666666667
54533 0.75
72954 0.316491675175
53227 0.813333333333
62064 0.879861111111
77770 0.698660714286
71685 0.316491675175
57049 0.316491675175
61882 0.567708333333
62050 0.7875
52643 0.708333333333
62733 0.916666666667
81074 0.5
62285 0.744444444444
80622 0.316491675175
66312 0.671527777778
52453 0.824404761905
53218 0.4
73362 0.445
74784 0.790476190476
62327 0.628571428571
74508 0.833333333333
62688 0.338095238095
55124 0.643333333333
73469 0.304166666667
72951 0.316491675175
61689 0.655
62099 0.396875
74552 0.786111111111
53194 0.85
54640 0.7
62478 0.316491675175
70319 0.688591269841
54318 0.533333333333
62283 0.207142857143
74373 0.662698412698
54496 0.316491675175
52447 0.316491675175
75371 0.316491675175
61975 0.717261904762
75229 0.835714285714
71026 0.763333333333
74545 0.735714285714
55214 0.316491675175
73322 0.815
80893 0.5
54401 0.316491675175
73355 0.475595238095
61982 0.218333333333
62017 0.76369047619
52508 0.503968253968
75366 0.605555555556
53802 0.872222222222
54521 0.316491675175
61876 0.753703703704
54931 0.714285714286
73307 0.835416666667
62488 0.9
75253 0.325
54337 0.4
54660 0.125
52659 0.859761904762
52632 0.316491675175
52366 0.9
73344 0.707417582418
71061 0.925
52365 0.4
54431 0.316491675175
54613 0.166666666667
52412 0.316491675175
61881 0.5375
75445 0.316491675175
80630 0.316491675175
52399 0.6
75373 0.316491675175
73311 0.583333333333
52462 0.645833333333
54921 0.316491675175
71781 0.622222222222
67040 0.398148148148
76070 0.9
74490 0.316491675175
52625 0.35
79966 0.79
73308 0.7575
62443 0.691666666667
73367 0.799744897959
66300 0.8675
72114 0.739718614719
53555 0.866666666667
62730 0.546949404762
52651 0.7
61980 0.612271062271
70318 0.688571428571
62072 0.656227106227
81327 0.15
52118 0.75
62024 0.758333333333
53219 0.425
73357 0.535714285714
73468 0.856593406593
81075 0.375
75245 0.745238095238
74883 0.758333333333
53585 0.78253968254
62066 0.255
54611 0.133333333333
61627 0.67925170068
73343 0.746296296296
53197 0.888888888889
54557 0.5125
77905 0.752380952381
72952 0.316491675175
74377 0.63125
54345 0.6
61595 0.75
61995 0.891666666667
55842 0.316491675175
72957 0.316491675175
77731 0.776334776335
54617 0.316491675175
54317 0.575
61869 0.266746031746
62475 0.316491675175
52458 0.695238095238
61851 0.708333333333
70374 0.316491675175
80894 0.25
74344 0.883333333333
70363 0.316491675175
72995 0.316491675175
74725 0.225
80892 0.75
73011 0.316491675175
54656 0.291666666667
56460 0.816666666667
73591 0.847123015873
72059 0.859259259259
54332 0.208333333333
54320 0.188888888889
70286 0.692857142857
62274 0.45
70279 0.896666666667
73600 0.9
73601 0.666666666667
61875 0.57037037037
72127 0.622619047619
53188 0.96
74489 0.975
72941 0.316491675175
74282 0.947916666667
52483 0.85119047619
74766 0.647224017812
55119 0.0642857142857
74476 0.316491675175
79850 0.73
81026 0.316491675175
56569 0.833333333333
62329 0.7
81341 0.7
75363 0.316491675175
70337 0.877777777778
54513 0.604166666667
62731 0.699084249084
64619 0.316491675175
70264 0.239583333333
61999 0.871111111111
54637 0.0666666666667
72939 0.316491675175
52363 0.9
62007 0.742424242424
77763 0.949134199134
69872 0.865
62273 0.78
62062 0.810416666667
61855 0.371296296296
61977 0.447222222222
62680 0.485714285714
54909 0.9
72052 0.56875
54543 0.8
62717 0.203888888889
79837 0.616666666667
53182 0.133333333333
62710 0.8625
77717 0.708333333333
54911 0.875
81072 0.625
53274 0.316491675175
80889 0.75
72942 0.316491675175
74995 0.690476190476
62019 0.720833333333
52354 0.8
72990 0.316491675175
74792 0.795714285714
54650 0.4
54628 0.266666666667
61907 0.47806122449
61986 0.709090909091
74321 0.885256410256
73701 0.857291666667
62683 0.796343537415
61683 0.914032536091
81419 0.5
73682 0.730208333333
52639 0.666666666667
70275 0.530272108844
75212 0.7875
61614 0.75
53222 0.591666666667
62013 0.142777777778
54598 0.25
70360 0.1
62009 0.451041666667
74512 0.316491675175
53746 0.294047619048
55121 0.9
72958 0.316491675175
55771 0.9
53180 0.558333333333
71016 0.466666666667
71621 0.316491675175
80895 0.316491675175
62711 0.642485119048
52465 0.619047619048
62691 0.738888888889
62690 0.759682539683
55134 0.9
73063 0.316491675175
53108 0.205555555556
61998 0.568055555556
73319 0.836111111111
72950 0.316491675175
70255 0.874489795918
72179 0.928571428571
71709 0.25
72086 0.316491675175
84793 0.316491675175
52623 0.2
74521 0.9
54335 0.255555555556
62071 0.699084249084
54618 0.316491675175
64645 0.666666666667
52496 0.685714285714
52964 0.902777777778
73320 0.595
73325 0.741208791209
73144 0.316491675175
52441 0.316491675175
54349 0.2
70336 0.74
81073 0.125
61677 0.721875
62492 0.316491675175
52615 0.166666666667
53252 0.8
71022 0.816666666667
73359 0.814047619048
56432 0.25
53217 0.803333333333
66343 0.618333333333
54629 0.75
74290 0.827056277056
71695 0.316491675175
54512 0.666666666667
74749 0.595688339438
80888 0.316491675175
54535 0.566666666667
56496 0.222916666667
75289 0.725
52459 0.9
53317 0.847619047619
61984 0.353937728938
55227 0.316491675175
61978 0.739814814815
52507 0.744047619048
52646 0.699319727891
62686 0.868498168498
73304 0.728214285714
52645 0.594444444444
70950 0.463333333333
75239 0.879411764706
77729 0.11562049062
74773 0.416666666667
71779 0.132291666667
52642 0.59880952381
75215 0.675
54508 0.833333333333
70828 0.76
52456 0.722222222222
62025 0.295512820513
71017 0.741666666667
72084 0.316491675175
62051 0.699305555556
72955 0.316491675175
53181 0.503333333333
58702 0.666666666667
75252 0.664285714286
72935 0.316491675175
52655 0.683333333333
53950 0.708333333333
61629 0.708333333333
52463 0.805555555556
71018 0.805555555556
64508 0.933333333333
61988 0.834848484848
71692 0.316491675175
62693 0.512662337662
67018 0.394444444444
61688 0.791428571429
79970 0.7625
77705 0.316491675175
54623 0.316491675175
54514 0.316491675175
54917 0.916666666667
53190 0.877083333333
74875 0.83125
62684 0.351825396825
69316 0.571428571429
62059 0.507738095238
53084 0.32
71682 0.316491675175
70259 0.406666666667
64919 0.316491675175
77743 0.729910714286
70402 0.801587301587
62077 0.437962962963
52982 0.9
71696 0.316491675175
74715 0.857142857143
52976 0.316491675175
54507 0.875
62734 0.813636363636
66305 0.414285714286
52620 0.400595238095
54654 0.316491675175
54541 0.1
62709 0.72380952381
75437 0.458333333333
53090 0.316491675175
77938 0.87925170068
69762 0.75
52491 0.669047619048
62026 0.866666666667
73059 0.316491675175
52356 0.9
73363 0.548333333333
70262 0.511160714286
54664 0.225
62341 0.8375
66309 0.6375
54353 0.316491675175
69314 0.703943452381
79852 0.77
77787 0.342712842713
55832 0.746031746032
53232 0.65
52369 0.6
53226 0.316491675175
72918 0.9
62713 0.605208333333
57405 0.875
79812 0.9375
74371 0.797619047619
52494 0.804761904762
52640 0.766666666667
54904 0.886904761905
54539 0.544444444444
52734 0.316491675175
61993 0.773958333333
77788 0.643253968254
77766 0.316491675175
56431 0.5
73821 0.883333333333
62119 0.316491675175
53102 0.191666666667
54912 0.9
53231 0.5
72991 0.316491675175
53126 0.629166666667
61861 0.540833333333
62707 0.470873015873
53186 0.555555555556
52433 0.875
62469 0.788311688312
71019 0.764583333333
74805 0.558333333333
73330 0.789285714286
52352 0.9
54333 0.05
72936 0.316491675175
52617 0.316491675175
55130 0.472222222222
73324 0.856507936508
73333 0.718055555556
74608 0.644761323333
53117 0.279166666667
74326 0.750833333333
66314 0.794246031746
74611 0.813650793651
73349 0.748095238095
61603 0.2
52665 0.39880952381
62714 0.718518518519
54314 0.316491675175
62027 0.738333333333
71693 0.316491675175
72949 0.316491675175
70289 0.8
54490 0.316491675175
55183 0.316491675175
55188 0.395238095238
53189 0.85
62069 0.790625
81362 0.2
77797 0.316491675175
73331 0.826360544218
80884 0.5
74320 0.674761904762
70284 0.740740740741
71031 0.766666666667
72068 0.508333333333
52664 0.373214285714
70324 0.650865800866
53666 0.690476190476
54029 0.316491675175
77751 0.658910533911
54920 0.9
62342 0.814285714286
70299 0.78246031746
56456 0.316491675175
62476 0.316491675175
70349 0.6
54616 0.316491675175
65183 0.9
52203 0.316491675175
62016 0.639285714286
52633 0.206481481481
52648 0.698511904762
69879 0.85
54506 0.316491675175
62694 0.854464285714
55772 0.6
74510 0.675
71582 0.636666666667
71679 0.316491675175
73702 0.766666666667
52975 0.9
61685 0.775595238095
75231 0.488095238095
70311 0.690079365079
72061 0.5125
73371 0.496666666667
66308 0.839583333333
70916 0.266666666667
72938 0.316491675175
