75147 0.857142857143
71546 0.767254273504
79894 0.759920634921
71530 0.688415750916
71537 0.775228937729
71610 0.840714285714
71548 0.859294871795
75213 0.668864468864
71613 0.826782192167
80221 0.705782312925
80343 0.649206349206
78076 0.374568407348
80341 0.518253968254
75149 0.855555555556
79994 0.745464852608
80003 0.670351473923
83196 0.374568407348
71545 0.61130952381
71606 0.779175824176
71611 0.733386752137
75133 0.777777777778
71600 0.49078525641
71547 0.890160765161
77774 0.374568407348
79917 0.814909297052
77739 0.856575963719
71612 0.761772486772
80342 0.553968253968
80002 0.688775510204
75136 0.875
71618 0.937037037037
71528 0.754141229141
71602 0.605860805861
71598 0.648206654457
75132 0.677777777778
75141 0.948412698413
80339 0.675264550265
77738 0.862393162393
74615 0.936224489796
71532 0.734630647131
79989 0.815145502646
83193 0.374568407348
80001 0.687169312169
72351 0.461538461538
71601 0.780982905983
71529 0.762271062271
75135 0.812169312169
75129 0.9
75142 0.861111111111
71533 0.66949140603
65042 0.166666666667
80338 0.58253968254
74804 0.780448717949
80345 0.708333333333
79988 0.651360544218
71538 0.761247086247
75128 0.681746031746
80106 0.644444444444
71614 0.585764235764
83520 0.408888888889
75137 0.877777777778
73591 0.859027777778
75143 0.803571428571
80398 0.568452380952
75131 0.948412698413
71609 0.759635007849
80000 0.64880952381
79998 0.94212962963
75123 0.949206349206
74740 0.751071428571
72361 0.846153846154
79987 0.91014739229
71539 0.792628205128
71604 0.875
80007 0.804988662132
75145 0.9
83202 0.374568407348
83209 0.333333333333
79918 0.598922902494
71603 0.811492673993
79999 0.713293650794
71542 0.734175824176
75124 0.909722222222
74749 0.583783577534
71608 0.800757575758
75140 0.868055555556
79991 0.775545634921
75146 0.855555555556
80006 0.776077097506
75138 0.875
71535 0.793383699634
79993 0.779195011338
71541 0.712202380952
84516 0.426761730333
75980 0.5
79915 0.897321428571
71534 0.780196886447
79997 0.782029478458
80005 0.844246031746
71536 0.751998001998
80346 0.971781305115
75125 0.776984126984
71607 0.91942800789
79992 0.837301587302
71540 0.739331501832
75148 0.715079365079
80340 0.688888888889
