77860 0.704725829726
75227 0.583333333333
75147 0.857142857143
71546 0.7553495116
79894 0.742063492063
77759 0.940656565657
80004 0.694444444444
71530 0.659844322344
71537 0.751419413919
72895 0.343654788715
71548 0.859294871795
72511 0.343654788715
71613 0.815793181178
80221 0.68537414966
77931 0.800595238095
80343 0.649206349206
80341 0.603968253968
75149 0.855555555556
79994 0.684240362812
72890 0.166666666667
80003 0.649943310658
71545 0.625595238095
77912 0.868650793651
71611 0.709577228327
77921 0.555555555556
75133 0.749206349206
71600 0.526499542125
71547 0.890160765161
73575 0.416666666667
79917 0.794501133787
71616 0.660582010582
73031 0.333333333333
77739 0.795351473923
71612 0.761772486772
80342 0.58253968254
80002 0.709183673469
72888 0.833333333333
75136 0.827380952381
71544 0.9125
71618 0.937037037037
83518 0.775
77829 0.63244047619
71528 0.738268213268
71598 0.648206654457
77761 0.690476190476
75132 0.592063492063
75141 0.907596371882
73023 0.333333333333
71617 0.828449328449
77785 0.984848484848
77770 0.680803571429
80339 0.627645502646
77738 0.833821733822
72898 0.5
74615 0.926020408163
71532 0.722725885226
79989 0.862764550265
73032 0.277777777778
74737 0.817777777778
80001 0.63955026455
71601 0.780982905983
71529 0.719413919414
75135 0.76455026455
75129 0.9
75142 0.775396825397
71533 0.647513384052
73019 0.166666666667
80338 0.611111111111
77905 0.809523809524
79988 0.610544217687
71538 0.709299034299
72887 0.666666666667
75128 0.653174603175
77731 0.802308802309
72897 0.343654788715
80106 0.55873015873
71614 0.572777222777
75137 0.877777777778
72892 0.343654788715
75143 0.839285714286
80398 0.497023809524
75131 0.907596371882
71609 0.749430926217
73018 0.208333333333
80000 0.628401360544
72891 0.333333333333
79998 0.894510582011
77763 0.962121212121
75123 0.949206349206
74740 0.751071428571
79987 0.86933106576
71539 0.768818681319
71604 0.857142857143
72894 0.833333333333
80007 0.804988662132
72896 0.333333333333
75145 0.871428571429
79918 0.598922902494
72987 0.166666666667
71605 0.664523809524
79999 0.713293650794
71542 0.748461538462
75124 0.909722222222
71608 0.787770562771
75140 0.868055555556
72893 0.343654788715
71697 0.864316239316
73026 0.333333333333
72494 0.5
79991 0.739831349206
77729 0.167568542569
72899 0.343654788715
75146 0.826984126984
80006 0.735260770975
75138 0.875
72501 0.166666666667
80347 0.541666666667
77743 0.712053571429
71535 0.769574175824
79993 0.738378684807
71541 0.658630952381
73025 0.113333333333
77938 0.920068027211
73017 0.277777777778
77787 0.407647907648
79915 0.825892857143
72889 0.166666666667
71534 0.768292124542
72502 0.343654788715
77788 0.614682539683
79997 0.802437641723
80005 0.820436507937
71536 0.726023976024
80346 0.987654320988
75125 0.748412698413
71607 0.91942800789
79992 0.796485260771
71540 0.725045787546
77751 0.645923520924
75148 0.715079365079
80340 0.631746031746
72902 0.333333333333
