76316 0.916666666667
77860 0.7306998557
76310 0.565277777778
84058 0.916666666667
71546 0.7553495116
79894 0.759920634921
84007 0.430555555556
77759 0.940656565657
71530 0.688415750916
71537 0.775228937729
76643 0.703282828283
83997 0.333333333333
71610 0.840714285714
84001 0.555555555556
72121 0.783201058201
84020 0.444444444444
75213 0.679853479853
76015 0.0357142857143
75947 0.444444444444
71613 0.804804170189
80221 0.705782312925
77931 0.829166666667
76027 0.046875
83476 0.9
84017 0.763888888889
76639 0.582532051282
79994 0.704648526077
80003 0.649943310658
76416 0.229166666667
76609 0.609375
83525 0.798611111111
84731 0.229166666667
71545 0.639880952381
83817 0.3125
77912 0.868650793651
71606 0.779175824176
71611 0.709577228327
71600 0.544356684982
76064 0.313283499684
71547 0.902065527066
75930 0.495238095238
74786 0.890740740741
83686 0.333333333333
79917 0.814909297052
71616 0.724074074074
75209 0.398578042328
77739 0.815759637188
74707 0.671527777778
74796 0.652922077922
71612 0.730026455026
80002 0.688775510204
84853 0.166666666667
71544 0.9125
71618 0.937037037037
77829 0.668154761905
83985 0.277777777778
71528 0.722395197395
75861 0.785416666667
71602 0.637606837607
77683 0.545068027211
71598 0.660111416361
77761 0.733333333333
75224 0.651873897707
71617 0.876068376068
77785 0.984848484848
77770 0.716517857143
83829 0.9375
84003 0.625
71532 0.746535409035
79989 0.838955026455
83987 0.25
80001 0.687169312169
71601 0.780982905983
71529 0.762271062271
83994 0.75
83710 0.108333333333
76607 0.848958333333
84225 0.472222222222
83783 0.208333333333
76594 0.916666666667
83984 0.5
84008 0.270833333333
71533 0.66949140603
62442 0.792410714286
76018 0.227083333333
84207 0.222222222222
84009 0.208333333333
74614 0.775503663004
77905 0.695238095238
79988 0.651360544218
83771 0.625
77731 0.802308802309
76593 0.473567119155
75904 0.549145299145
71614 0.55979020979
75906 0.299908424908
71609 0.759635007849
61777 0.846741452991
80000 0.730442176871
74766 0.672434101846
79998 0.894510582011
84025 0.145833333333
77763 0.949134199134
65202 0.395833333333
75910 0.701388888889
74740 0.708214285714
57909 0.888392857143
84480 0.208333333333
83778 0.458333333333
74792 0.81
79987 0.889739229025
83717 0.261217948718
83990 0.625
71539 0.768818681319
80007 0.825396825397
84726 0.133814102564
83757 0.229166666667
79918 0.598922902494
71603 0.840064102564
76528 0.916666666667
76009 0.0178571428571
71605 0.693095238095
84054 0.375
76613 0.907638888889
79999 0.784722222222
83981 0.416666666667
84203 0.625
71608 0.787770562771
71697 0.864316239316
74543 0.777083333333
76650 0.8125
79991 0.757688492063
75239 0.879411764706
77729 0.193542568543
83759 0.304887820513
65033 0.79766573296
80006 0.75566893424
76589 0.808547008547
84013 0.361111111111
83775 0.566666666667
83988 0.625
75972 0.313888888889
84019 0.313283499684
77743 0.712053571429
84010 0.138888888889
71535 0.781478937729
79993 0.758786848073
71541 0.694345238095
84516 0.508394383394
76312 0.481944444444
83748 0.375
76057 0.375
58858 0.458333333333
77938 0.899659863946
74741 0.664583333333
84048 0.583333333333
75232 0.739583333333
69314 0.71287202381
77787 0.394660894661
79915 0.754464285714
84483 0.75
71534 0.792101648352
65186 0.166666666667
77788 0.600396825397
79997 0.782029478458
84018 0.569444444444
80005 0.796626984127
83998 0.361111111111
74608 0.644761323333
84515 0.375
76851 0.858024691358
71536 0.726023976024
75973 0.314583333333
71607 0.91942800789
79992 0.796485260771
71540 0.753617216117
83714 0.407451923077
83815 0.625
77751 0.671897546898
76652 0.843333333333
57908 0.911538461538
73015 0.313283499684
65230 0.642857142857
