83515 0.225
76316 0.845238095238
75227 0.62619047619
63827 0.304179454357
64503 0.35
71546 0.797016178266
79894 0.835813492063
75603 0.384615384615
75981 0.166666666667
80004 0.737301587302
71530 0.709844322344
71537 0.772252747253
75616 0.304179454357
75860 0.771634615385
71610 0.826428571429
75991 0.166666666667
71548 0.859294871795
76320 0.426153846154
84640 0.304179454357
76277 0.304179454357
55814 0.694444444444
75919 0.75
76154 0.304179454357
75613 0.615384615385
75912 0.8125
66039 0.356837606838
71613 0.804804170189
80221 0.756802721088
80343 0.820634920635
76027 0.0825892857143
61773 0.366666666667
75968 0.366666666667
80341 0.611111111111
76322 0.541666666667
75149 0.855555555556
79994 0.791383219955
66038 0.304179454357
80003 0.680555555556
76416 0.300595238095
71545 0.71130952381
71611 0.730410561661
75989 0.729166666667
75133 0.899206349206
75602 0.304179454357
76064 0.285714285714
75997 0.304179454357
76163 0.833333333333
71547 0.910994098494
75930 0.61768707483
75902 0.304179454357
76336 0.304179454357
84634 0.304179454357
59919 0.304179454357
79917 0.865929705215
64712 0.291666666667
77739 0.831065759637
75907 0.304179454357
75960 0.2
71612 0.757804232804
80342 0.675396825397
80002 0.739795918367
75136 0.869047619048
71544 0.9375
84643 0.9
57903 0.833333333333
75861 0.713988095238
76181 0.304179454357
71598 0.677968559219
64698 0.5
75969 0.75
55803 0.694444444444
76017 0.431623931624
75132 0.692063492063
75141 0.943310657596
55816 0.708333333333
76324 0.291666666667
75915 0.333333333333
76179 0.8125
64695 0.304179454357
80339 0.687169312169
72876 0.0833333333333
75600 0.692307692308
64593 0.677083333333
74615 0.94387755102
76402 0.2
75903 0.304179454357
64631 0.225
71532 0.785225885226
74737 0.84873015873
76352 0.166666666667
75905 0.304179454357
75966 0.5
75890 0.304179454357
84635 0.833333333333
75154 0.666666666667
76205 0.304179454357
71601 0.843482905983
75908 0.304179454357
76180 0.304179454357
71529 0.769413919414
58033 0.470238095238
64615 0.279761904762
73576 0.527777777778
75129 0.9
76026 0.125
83783 0.154761904762
76059 0.355555555556
76198 0.304179454357
75142 0.825396825397
71533 0.705205691744
76018 0.18244047619
76314 0.1875
75985 0.333333333333
75970 0.433333333333
75934 0.0416666666667
80338 0.68253968254
75610 0.304179454357
79988 0.641156462585
71538 0.732026307026
76165 0.304179454357
65223 0.304179454357
75128 0.646031746032
75615 0.304179454357
83771 0.558673469388
75904 0.58485958486
80106 0.70873015873
76330 0.9
71614 0.579270729271
83520 0.523174603175
75906 0.305010465725
84630 0.666666666667
75992 0.25
75137 0.927777777778
71599 0.911458333333
75918 0.304179454357
73591 0.88878968254
76422 0.5
75143 0.830357142857
80398 0.64880952381
76014 0.397435897436
75995 0.304179454357
75131 0.943310657596
75859 0.680555555556
75626 0.304179454357
80000 0.643707482993
84636 0.5
75924 0.458333333333
75931 0.916666666667
76399 0.304179454357
75123 0.920634920635
84629 0.333333333333
75910 0.802579365079
84644 0.666666666667
75944 0.304179454357
75878 0.291666666667
79987 0.86933106576
76045 0.9
75623 0.615384615385
76318 0.916666666667
75993 0.304179454357
71539 0.789652014652
75608 0.304179454357
75617 0.923076923077
80007 0.804988662132
75945 0.333333333333
83697 0.5
76167 0.375
75917 0.66014957265
75145 0.921428571429
76052 0.304179454357
53589 0.466666666667
79918 0.700963718821
76315 0.861111111111
76009 0.0178571428571
71605 0.660952380952
71542 0.759175824176
84637 0.304179454357
75124 0.909722222222
74749 0.643307387057
75606 0.846153846154
65209 0.358173076923
71608 0.833225108225
75612 0.9
75891 0.375
64692 0.316666666667
75877 0.302083333333
75599 0.304179454357
79991 0.833581349206
76062 0.125
83759 0.278102106227
84272 0.25
75146 0.826984126984
80006 0.750566893424
76016 0.4125
83775 0.602380952381
75138 0.9375
75962 0.304179454357
76173 0.4
84638 0.666666666667
84628 0.5
71535 0.769574175824
79993 0.809807256236
75611 0.692307692308
71541 0.752380952381
76312 0.600992063492
84633 0.5
76057 0.535714285714
55808 0.736111111111
76337 0.304179454357
84647 0.5
75605 0.384615384615
84631 0.5
74741 0.703273809524
63839 0.304179454357
83517 0.533333333333
71534 0.830792124542
76056 0.1
76021 0.0833333333333
75926 0.0833333333333
79997 0.761621315193
75604 0.384615384615
75963 0.25
84639 0.9
71536 0.735764235764
80346 0.971781305115
75973 0.26994047619
75125 0.819841269841
71607 0.91942800789
79992 0.903628117914
65211 0.333333333333
76321 0.304179454357
83719 0.304179454357
71540 0.78576007326
83714 0.344951923077
75939 0.5
84646 0.333333333333
84632 0.333333333333
75614 0.769230769231
64690 0.75
76046 0.291666666667
75148 0.757936507937
84645 0.666666666667
80340 0.731746031746
76313 0.75
75607 0.846153846154
75920 0.304179454357
65230 0.729591836735
75781 0.261294261294
