76316 0.845238095238
77860 0.738816738817
76310 0.556349206349
71546 0.7865995116
79894 0.742063492063
84007 0.365079365079
77759 0.95202020202
80004 0.687301587302
71530 0.697344322344
71537 0.751419413919
78799 0.9
76643 0.662698412698
83997 0.214285714286
75860 0.677884615385
71610 0.851428571429
84001 0.531746031746
72121 0.77962962963
78821 0.300341419158
75959 0.67094017094
71548 0.871794871795
84020 0.373015873016
75213 0.664743589744
76015 0.300341419158
77804 0.222222222222
55814 0.527777777778
75947 0.468253968254
75919 0.625
75912 0.75
71613 0.82403493942
58863 0.666666666667
83784 0.388888888889
80221 0.721088435374
78825 0.833333333333
77931 0.813095238095
76027 0.0357142857143
55809 0.833333333333
76010 0.5
83476 0.9
83996 0.888888888889
84017 0.698412698413
76036 0.300341419158
76322 0.666666666667
76639 0.58402014652
84052 0.300341419158
75242 0.737037037037
79994 0.719954648526
66038 0.25
80003 0.662698412698
76416 0.238095238095
76609 0.602678571429
84731 0.452380952381
71545 0.64880952381
83817 0.0714285714286
77912 0.893650793651
71606 0.78989010989
71611 0.761660561661
78798 0.300341419158
75989 0.666666666667
71600 0.551053113553
71547 0.890160765161
83723 0.5
83716 0.333333333333
83686 0.297619047619
79917 0.848072562358
71616 0.716137566138
75209 0.391137566138
64712 0.25
77739 0.831065759637
74796 0.674025974026
71612 0.771693121693
80002 0.739795918367
80981 0.9
76595 0.820555555556
71115 0.300341419158
71544 0.925
71618 0.937037037037
77829 0.69494047619
83985 0.206349206349
71528 0.736284086284
75861 0.745238095238
77683 0.537414965986
71598 0.667551892552
83995 0.5
55803 0.611111111111
77761 0.715476190476
75224 0.664770723104
55816 0.583333333333
77785 0.984848484848
76324 0.416666666667
76179 0.5
77770 0.727678571429
84022 0.916666666667
75901 0.300341419158
83829 0.928571428571
64593 0.645833333333
84003 0.285714285714
78793 0.300341419158
71532 0.722725885226
79989 0.835978835979
78828 0.300341419158
83987 0.357142857143
78791 0.300341419158
83521 0.305555555556
84002 0.166666666667
80001 0.699074074074
71601 0.801816239316
76012 0.300341419158
58033 0.452380952381
64615 0.297619047619
83710 0.111904761905
84014 0.333333333333
76607 0.846726190476
84225 0.31746031746
76026 0.125
83984 0.47619047619
84008 0.22619047619
72327 0.300341419158
71533 0.657128768667
62442 0.71875
76018 0.21369047619
84207 0.103174603175
84009 0.22619047619
76314 0.125
75934 0.300341419158
78792 0.833333333333
76060 0.833333333333
74614 0.761473050759
76603 0.76049382716
83766 0.166666666667
77905 0.745238095238
79988 0.605442176871
71538 0.766117216117
83771 0.612244897959
77731 0.799062049062
76605 0.740316521086
76593 0.493525102349
71614 0.556543456543
75906 0.287153322868
78822 0.300341419158
78795 0.300341419158
71599 0.927083333333
73591 0.878373015873
76422 0.416666666667
76014 0.347435897436
75859 0.722222222222
71609 0.748155416013
61777 0.877991452991
78826 0.300341419158
80000 0.66156462585
78830 0.300341419158
74766 0.659829059829
83993 0.25
71914 0.572222222222
75924 0.416666666667
79998 0.915343915344
84025 0.154761904762
77763 0.949134199134
65202 0.22619047619
75910 0.740079365079
74740 0.706428571429
75878 0.25
74950 0.67380952381
57909 0.883928571429
84480 0.261904761905
83991 0.300341419158
83765 0.300341419158
83778 0.619047619048
79987 0.887188208617
76045 0.9
61683 0.921385477268
83990 0.321428571429
83589 0.239316239316
71539 0.810485347985
71604 0.888392857143
80007 0.840702947846
84726 0.102564102564
75917 0.680982905983
84971 0.25
83676 0.300341419158
83757 0.238095238095
78794 0.300341419158
79918 0.575963718821
76315 0.777777777778
71603 0.848992673993
76528 0.916666666667
76009 0.300341419158
71605 0.685952380952
84054 0.428571428571
76613 0.906150793651
79999 0.775793650794
75160 0.611111111111
78800 0.833333333333
76152 0.166666666667
84203 0.285714285714
65209 0.389423076923
71608 0.799134199134
75891 0.300341419158
75877 0.208333333333
73304 0.735357142857
78829 0.300341419158
76641 0.928571428571
83708 0.300341419158
83986 0.247863247863
79991 0.755456349206
75239 0.894117647059
77729 0.182178932179
76062 0.300341419158
83759 0.262477106227
76240 0.333333333333
80006 0.750566893424
76589 0.817475579976
84013 0.420634920635
76016 0.35
83775 0.552380952381
83988 0.642857142857
74167 0.300341419158
75972 0.284126984127
77743 0.741071428571
76640 0.883333333333
84010 0.0555555555556
71535 0.800824175824
79993 0.756235827664
84516 0.480333158905
74168 0.300341419158
78823 0.300341419158
76312 0.496825396825
83748 0.142857142857
74227 0.666666666667
73484 0.300341419158
84223 0.300341419158
78824 0.300341419158
76057 0.410714285714
58858 0.761904761905
55808 0.694444444444
77938 0.87925170068
74741 0.672023809524
76648 0.916666666667
75232 0.761904761905
69314 0.693898809524
77787 0.388167388167
79915 0.785714285714
84483 0.857142857143
71534 0.799542124542
76021 0.300341419158
77788 0.611111111111
77719 0.25
79997 0.77947845805
84018 0.539682539683
80005 0.81746031746
83998 0.253968253968
75963 0.166666666667
74608 0.654965404965
84515 0.321428571429
76851 0.869929453263
71536 0.735764235764
78827 0.300341419158
75973 0.30119047619
71607 0.91942800789
79992 0.796485260771
78796 0.9
71540 0.72326007326
74169 0.111111111111
83714 0.360576923077
83815 0.714285714286
77751 0.667027417027
75939 0.25
76652 0.864761904762
76046 0.416666666667
57908 0.908791208791
84021 0.333333333333
65230 0.69387755102
75781 0.261294261294
