81720 0.9
80584 0.318003606192
81705 0.75
80916 0.318003606192
81681 0.25
62715 0.151870748299
73340 0.70974025974
81713 0.5
81683 0.5
72410 0.783333333333
81759 0.5
73318 0.841558441558
62328 0.127083333333
80910 0.318003606192
71024 0.316666666667
62049 0.57380952381
62719 0.79387755102
78303 0.318003606192
66310 0.317532467532
81706 0.75
81689 0.318003606192
72297 0.625
66320 0.102777777778
62095 0.750793650794
81731 0.75
70818 0.45
70282 0.505952380952
71027 0.157142857143
52593 0.7125
70771 0.766666666667
61608 0.740909090909
74314 0.71156462585
33121 0.318003606192
75213 0.645512820513
52687 0.867857142857
74293 0.590178571429
73488 0.534523809524
70766 0.85
81752 0.75
61991 0.709183673469
61687 0.841941391941
55175 0.444444444444
66352 0.822222222222
71623 0.742857142857
74511 0.82619047619
81767 0.318003606192
52843 0.714285714286
81467 0.318003606192
52968 0.928571428571
73305 0.634523809524
62023 0.127655677656
80922 0.318003606192
61880 0.865584415584
69878 0.864285714286
81677 0.75
80945 0.318003606192
62689 0.837896825397
74387 0.65
73350 0.755442176871
71948 0.6
65038 0.796428571429
81043 0.318003606192
64865 0.313492063492
78288 0.318003606192
73467 0.694444444444
62052 0.649659863946
61973 0.826785714286
62732 0.63869047619
80956 0.318003606192
81704 0.318003606192
73358 0.766666666667
54511 0.557142857143
61981 0.82
81732 0.75
70283 0.628571428571
54343 0.663605442177
62340 0.61746031746
72298 0.944444444444
62721 0.549702380952
70564 0.318003606192
52809 0.318003606192
73347 0.794761904762
70249 0.651388888889
62722 0.788333333333
71783 0.560714285714
61974 0.676406926407
73832 0.652380952381
52610 0.316666666667
52479 0.75
56899 0.318003606192
80988 0.318003606192
62729 0.850850340136
62014 0.889682539683
62275 0.482804232804
66298 0.796984126984
81695 0.5
62074 0.420476190476
52740 0.9
81678 0.5
70326 0.751428571429
70248 0.772619047619
52585 0.25
69313 0.8
71908 0.838888888889
70995 0.244444444444
70297 0.713736263736
52739 0.571428571429
70300 0.842063492063
81747 0.5
81682 0.25
70350 0.6
55196 0.878571428571
81690 0.75
70263 0.79880952381
54651 0.136111111111
62331 0.163265306122
62011 0.566517857143
73356 0.347448979592
73335 0.893333333333
74322 0.738095238095
61972 0.359523809524
67019 0.561111111111
61867 0.398484848485
61985 0.408928571429
81744 0.75
73303 0.739775910364
70314 0.487936507937
52040 0.633333333333
80946 0.318003606192
73312 0.472222222222
74397 0.819696969697
62109 0.275
70307 0.65
72833 0.383333333333
62108 0.583333333333
66340 0.867142857143
70268 0.370238095238
62272 0.716369047619
56330 0.3875
62005 0.45641025641
54533 0.428571428571
81671 0.5
73329 0.875
62064 0.866468253968
81725 0.5
61882 0.547619047619
62050 0.7875
62285 0.740476190476
81758 0.75
81679 0.75
66299 0.678869047619
66312 0.64623015873
73362 0.484285714286
73469 0.336904761905
61689 0.612142857143
81715 0.25
81686 0.5
52588 0.55
62099 0.367857142857
70319 0.687103174603
74373 0.674603174603
74737 0.79873015873
61975 0.723639455782
64525 0.75
52601 0.5
81709 0.75
73599 0.754166666667
73355 0.495238095238
61982 0.196904761905
62017 0.754761904762
53802 0.872222222222
61876 0.690211640212
70808 0.04
73307 0.833928571429
70498 0.9
81734 0.75
52659 0.845476190476
52775 0.75
81729 0.25
52965 0.857142857143
52604 0.466666666667
73344 0.673076923077
71011 0.504166666667
71061 0.923376623377
70315 0.570238095238
66341 0.845833333333
64621 0.5
78058 0.75
73311 0.602813852814
67040 0.378306878307
73703 0.9
62720 0.166666666667
73308 0.77
62443 0.709523809524
73367 0.808673469388
81716 0.75
66300 0.88
73268 0.579365079365
72114 0.712121212121
61857 0.588888888889
81751 0.5
81685 0.5
62730 0.536904761905
61980 0.628754578755
70318 0.68619047619
62072 0.664468864469
81327 0.114285714286
62024 0.744047619048
73357 0.494897959184
62286 0.140909090909
81670 0.5
61627 0.597619047619
73343 0.746296296296
54557 0.557142857143
52587 0.3125
52609 0.616666666667
52589 0.7375
52592 0.2125
61976 0.60625
61595 0.678571428571
61995 0.879761904762
80949 0.318003606192
61869 0.241746031746
74344 0.871428571429
70252 0.706547619048
74016 0.318003606192
81749 0.75
81742 0.75
62692 0.282051282051
73591 0.847123015873
70748 0.6
73822 0.675
72059 0.827513227513
62022 0.404166666667
53713 0.539682539683
70769 0.6375
62274 0.383673469388
70279 0.887142857143
73600 0.9
73601 0.595238095238
61875 0.506878306878
64687 0.318003606192
74489 0.971428571429
74363 0.609259259259
74282 0.958333333333
54923 0.318003606192
81723 0.75
73369 0.620436507937
73368 0.402083333333
54513 0.380952380952
62731 0.696336996337
81699 0.5
52605 0.7
54305 0.666666666667
61999 0.871111111111
66303 0.583333333333
81724 0.318003606192
62078 0.715079365079
62061 0.318003606192
62007 0.729437229437
60000 0.5
69872 0.850714285714
62273 0.772857142857
62062 0.738988095238
61855 0.289947089947
61977 0.469047619048
72052 0.564285714286
62717 0.197936507937
62710 0.851020408163
54911 0.714285714286
62008 0.644505494505
62019 0.709353741497
81688 0.75
61907 0.465306122449
61986 0.718831168831
74321 0.883882783883
73701 0.837202380952
62683 0.774659863946
61683 0.914032536091
66315 0.88
73682 0.710119047619
70275 0.504761904762
62015 0.569444444444
66306 0.666666666667
54295 0.5
61614 0.714285714286
62013 0.17253968254
54598 0.318003606192
62009 0.462202380952
62711 0.623511904762
62691 0.732936507937
62690 0.740634920635
72784 0.318003606192
62028 0.727380952381
81764 0.5
61998 0.559126984127
73319 0.85
52850 0.9
70255 0.874489795918
81025 0.318003606192
81718 0.9
52598 0.95
66302 0.847435897436
77888 0.318003606192
61868 0.597222222222
81740 0.75
62071 0.688095238095
52964 0.801587301587
73320 0.605714285714
73325 0.73021978022
52591 0.775
52606 0.725
64594 0.25
81687 0.5
61677 0.7375
77725 0.745833333333
73359 0.822380952381
66343 0.629047619048
74290 0.849783549784
74749 0.570390720391
55856 0.753968253968
61681 0.807142857143
61984 0.31684981685
61978 0.721957671958
62686 0.84652014652
73304 0.697857142857
66350 0.7
71779 0.134523809524
81697 0.75
81722 0.9
81711 0.318003606192
54508 0.761904761905
54017 0.318003606192
62025 0.250183150183
62051 0.697817460317
81674 0.75
53950 0.75
61629 0.680735930736
73299 0.853263403263
62708 0.371428571429
70429 0.484126984127
61988 0.808874458874
81738 0.75
62693 0.498051948052
67018 0.315079365079
61688 0.777142857143
72409 0.8
81739 0.25
62684 0.353015873016
52608 0.775
81717 0.75
70259 0.403095238095
62077 0.447883597884
81762 0.5
54507 0.571428571429
62734 0.813636363636
62709 0.700850340136
62026 0.795238095238
61878 0.435714285714
73363 0.555476190476
70262 0.5
53550 0.655555555556
70764 0.45
62341 0.792857142857
80924 0.318003606192
66309 0.601785714286
84686 0.318003606192
71030 0.572222222222
81675 0.75
72053 0.735714285714
62713 0.602976190476
57405 0.571428571429
62001 0.7125
73352 0.477083333333
61979 0.821428571429
70805 0.318003606192
61993 0.771726190476
81040 0.318003606192
81748 0.5
54976 0.2
73821 0.883333333333
52595 0.5375
81755 0.75
52742 0.857142857143
52722 0.5
71025 0.833333333333
61861 0.549761904762
81707 0.75
62707 0.422063492063
52433 0.428571428571
71019 0.715476190476
81721 0.25
73330 0.779081632653
81700 0.5
81736 0.75
73324 0.846984126984
73333 0.718055555556
81698 0.318003606192
52806 0.517857142857
74326 0.774047619048
81673 0.75
70955 0.5
66314 0.794246031746
73349 0.748095238095
62027 0.749047619048
71021 0.733333333333
62069 0.788392857143
81761 0.5
81701 0.25
73331 0.826360544218
72068 0.478571428571
62735 0.66
78228 0.9
70299 0.790793650794
80955 0.318003606192
84687 0.318003606192
70302 0.7
62016 0.616326530612
52633 0.208465608466
69879 0.85
62694 0.845535714286
62053 0.552777777778
74510 0.514285714286
73702 0.72074829932
70311 0.672222222222
81680 0.9
72061 0.557142857143
66308 0.846279761905
70257 0.9
