83515 0.204166666667
80015 0.349505766613
77860 0.714826839827
85218 0.349505766613
78358 0.349505766613
79894 0.797619047619
77759 0.950757575758
80004 0.659523809524
76643 0.70183982684
72121 0.769444444444
77804 0.5
80182 0.25
71551 0.5
80221 0.732993197279
77931 0.833928571429
80343 0.642857142857
80341 0.483333333333
75149 0.9
79994 0.715986394558
80003 0.625
83525 0.866071428571
77912 0.879761904762
77921 0.666666666667
75133 0.771428571429
83799 0.5
71547 0.89942002442
79917 0.81037414966
75209 0.403869047619
77739 0.811224489796
74707 0.727083333333
80342 0.614285714286
80002 0.715986394558
76595 0.831666666667
75136 0.882936507937
75224 0.674801587302
75132 0.680952380952
75141 0.923469387755
77785 0.984848484848
80339 0.640873015873
83524 0.9
77738 0.856043956044
79989 0.852182539683
83521 0.5625
80001 0.652777777778
75135 0.706349206349
75129 0.9
75142 0.864285714286
80090 0.349505766613
62277 0.753174603175
83506 0.25
76603 0.752777777778
80338 0.738095238095
79988 0.664965986395
75128 0.707142857143
77731 0.796536796537
76605 0.744590025359
76593 0.476368239604
80106 0.647619047619
71995 0.763605442177
83520 0.434285714286
83505 0.25
75137 0.9
75143 0.767857142857
75131 0.923469387755
71609 0.739226844584
80000 0.655612244898
74766 0.656561085973
85213 0.349505766613
79998 0.931547619048
77763 0.949134199134
75123 0.942857142857
83526 0.65
74950 0.733333333333
83802 0.5
80344 0.25
79987 0.885204081633
80019 0.5
80007 0.836734693878
83800 0.25
75145 0.871428571429
79918 0.621598639456
76613 0.895734126984
79999 0.768849206349
75124 0.9375
75140 0.895833333333
76650 0.824404761905
79991 0.753720238095
77729 0.183441558442
65033 0.787394957983
75146 0.871428571429
80006 0.746598639456
76589 0.796642246642
79993 0.801870748299
84516 0.537872841444
73025 0.199047619048
75980 0.436507936508
77787 0.41341991342
77788 0.641666666667
79997 0.840986394558
80005 0.852182539683
83514 0.75
74608 0.668192918193
76851 0.854497354497
80346 0.984126984127
75125 0.764285714286
79992 0.828231292517
75527 0.9
74169 0.125
77751 0.683441558442
71571 0.5
76652 0.848095238095
75148 0.702380952381
80340 0.67619047619
75781 0.31684981685
