101 0.936612369
101 0.36473644
101 0.494025046
101 0.704278306
101 0.850546648
101 0.733361112
101 0.546345857
101 0.559723688
101 0.929490558
101 0.182511694
101 0.425588114
101 0.327436361
101 0.229264116
101 0.36473644
101 0.850683474
101 0.969430976
101 0.445720096
101 0.864563764
101 0.969522589
101 0.936612369
101 0.931231838
101 0.49829312
101 0.859507949
101 0.838526085
101 0.684649641
101 0.98747492
101 0.969522589
101 0.927825177
101 0.927504346
101 0.96989925
101 0.969522589
101 0.98747492
101 0.537585838
101 0.537411178
101 0.36473644
101 0.98747492
101 0.846848624
101 0.69519739
101 0.98747492
101 0.576982973
101 0.864563764
101 0.23183084
101 0.969430976
101 0.932433233
101 0.98747492
101 0.704278306
101 0.969522589
101 0.927825177
101 0.93046847
101 0.846848624
101 0.96989925
101 0.927825177
101 0.969522589
101 0.600182535
101 0.98747492
101 0.856324903
101 0.846848624
101 0.98747492
101 0.970826491
101 0.930740832
101 0.969430976
101 0.745041211
101 0.698928702
101 0.98747492
101 0.396605555
101 0.927296527
101 0.559723688
101 0.35400655
101 0.87169826
101 0.864563764
101 0.699039903
101 0.969430976
101 0.969522589
101 0.98747492
101 0.98747492
101 0.98747492
101 0.971687943
101 0.98747492
101 0.969430976
101 0.98747492
101 0.374806376
101 0.49829312
101 0.969522589
101 0.930763655
101 0.720965157
101 0.98747492
101 0.504989386
101 0.850683474
101 0.84444856
101 0.704167221
101 0.96989925
101 0.930763655
101 0.8417484
101 0.182511694
101 0.182511694
101 0.856324903
101 0.931231838
101 0.934886242
101 0.939122059
101 0.848244625
101 0.841876539
101 0.726718941
101 0.838526085
101 0.571648715
101 0.842760175
101 0.389847205
101 0.28577079
101 0.721506034
101 0.971687943
101 0.581753413
101 0.98747492
101 0.928657094
101 0.98747492
101 0.970826491
101 0.87169826
101 0.969522589
101 0.402665542
101 0.98747492
101 0.182511694
101 0.934886242
101 0.846893524
101 0.764290536
101 0.849234223
101 0.933120171
101 0.704795616
101 0.86273572
101 0.8417484
101 0.98747492
101 0.864563764
101 0.98747492
101 0.98747492
101 0.98747492
101 0.710044098
101 0.98747492
101 0.930763655
101 0.98747492
101 0.98747492
101 0.933120171
101 0.969522589
101 0.850683474
101 0.854158061
101 0.98747492
101 0.849303759
101 0.856324903
101 0.933154294
101 0.932712005
101 0.411851361
101 0.745041211
101 0.551698239
101 0.524092075
101 0.933154294
101 0.840229201
101 0.848173873
101 0.529941165
101 0.848317517
101 0.970826491
101 0.98747492
101 0.98747492
101 0.98747492
101 0.850683474
101 0.934939894
101 0.98747492
101 0.969522589
101 0.315737519
101 0.229264116
101 0.698817049
101 0.411851361
101 0.494025046
101 0.502363734
101 0.92867272
101 0.8417484
101 0.98747492
101 0.857639757
101 0.558623448
101 0.927825177
101 0.98747492
101 0.859507949
101 0.235788582
101 0.969522589
101 0.934939894
101 0.96989925
101 0.98747492
101 0.98747492
101 0.98747492
101 0.98747492
101 0.842760175
101 0.96989925
101 0.970826491
101 0.98747492
101 0.969522589
101 0.927825177
101 0.390305265
101 0.854265996
101 0.846848624
101 0.849303759
101 0.71898196
101 0.939122059
101 0.969430976
101 0.745041211
101 0.939122059
101 0.846848624
101 0.98747492
101 0.969522589
101 0.98747492
101 0.98747492
101 0.425588114
101 0.713255448
101 0.745041211
101 0.969522589
101 0.581753413
101 0.86739582
101 0.842760175
101 0.970826491
101 0.927825177
101 0.970826491
101 0.928657094
101 0.969522589
101 0.931231838
101 0.930763655
101 0.850546648
101 0.970826491
101 0.969522589
101 0.92867272
101 0.96989925
101 0.98747492
101 0.840229201
101 0.558623448
101 0.930763655
101 0.933120171
101 0.840197763
101 0.848244625
101 0.251119656
101 0.514798879
101 0.867256809
101 0.970262266
101 0.838526085
101 0.96937357
101 0.713422779
101 0.927825177
101 0.96937357
101 0.96989925
101 0.702460796
101 0.970826491
101 0.545951437
101 0.498164927
101 0.929184394
101 0.98747492
101 0.731132297
101 0.848244625
101 0.508952494
101 0.98747492
101 0.327436361
101 0.838526085
101 0.98747492
101 0.969430976
101 0.98747492
101 0.96937357
101 0.96989925
101 0.929169507
101 0.928657094
101 0.35400655
101 0.927296527
101 0.404618133
101 0.755191113
101 0.498164927
101 0.864563764
101 0.718831164
101 0.861570615
101 0.838526085
101 0.92867272
101 0.98747492
101 0.864563764
101 0.846848624
101 0.474368777
101 0.98747492
101 0.842807504
101 0.35400655
101 0.699039903
101 0.704902881
101 0.508952494
101 0.96937357
101 0.939122059
101 0.931231838
101 0.98747492
101 0.96989925
101 0.927825177
101 0.98747492
101 0.930763655
101 0.98747492
101 0.335283888
101 0.98747492
101 0.971687943
101 0.970826491
101 0.537585838
101 0.970826491
101 0.529941165
101 0.969522589
101 0.98747492
101 0.93046847
101 0.927835151
101 0.856324903
101 0.755191113
101 0.969430976
101 0.551698239
101 0.930763655
101 0.846848624
101 0.600182535
101 0.970826491
101 0.28577079
101 0.970826491
101 0.939122059
101 0.970826491
101 0.856118123
101 0.572010724
101 0.474368777
101 0.98747492
101 0.23183084
101 0.92867272
101 0.932712005
101 0.93046847
101 0.841229399
101 0.970826491
101 0.98747492
101 0.850683474
101 0.850615206
101 0.98747492
101 0.182511694
101 0.49829312
101 0.182511694
101 0.182511694
101 0.684649641
101 0.528031893
101 0.927825177
101 0.347130287
101 0.330472202
101 0.235788582
101 0.49829312
101 0.373423362
101 0.971687943
101 0.98747492
101 0.98747492
101 0.71898196
101 0.98747492
101 0.98747492
101 0.98747492
101 0.98747492
101 0.98747492
101 0.856324903
101 0.8417484
101 0.539288327
101 0.969522589
101 0.49829312
101 0.517905889
101 0.96937357
101 0.969522589
101 0.856219998
101 0.539288327
101 0.93046847
101 0.864563764
101 0.615306678
101 0.856324903
101 0.934939894
101 0.98747492