77860 0.727453102453
74882 0.749603174603
65037 0.837857142857
52488 0.690476190476
72786 0.714285714286
75208 0.38
62715 0.196513605442
62470 0.76978021978
73340 0.777922077922
73318 0.864285714286
70273 0.175595238095
52630 0.428571428571
79971 0.7875
62049 0.615476190476
62719 0.829591836735
77759 0.963383838384
74304 0.330965631759
66310 0.397077922078
62095 0.784126984127
70245 0.857142857143
70282 0.578869047619
61608 0.729545454545
74314 0.693707482993
70260 0.485714285714
75213 0.69358974359
61991 0.780612244898
71623 0.814285714286
79854 0.82619047619
71634 0.308974358974
62023 0.127655677656
75216 0.794047619048
61880 0.865584415584
77931 0.850595238095
73350 0.764370748299
71948 0.683333333333
82758 0.9
80903 0.285714285714
74701 0.9
73467 0.736111111111
70332 0.238095238095
62052 0.694302721088
61973 0.826785714286
62732 0.70119047619
79835 0.561428571429
73358 0.754166666667
74747 0.698095238095
75285 0.31875
62718 0.782936507937
52464 0.680952380952
59700 0.90625
70283 0.592857142857
74763 0.734656084656
62060 0.355753968254
62721 0.643452380952
71579 0.442857142857
73347 0.819761904762
70317 0.656060606061
70249 0.713888888889
77912 0.868650793651
62722 0.775833333333
81336 0.535714285714
81346 0.753571428571
61974 0.733225108225
71625 0.572115384615
71622 0.785897435897
62010 0.576587301587
70254 0.629591836735
62729 0.868707482993
61879 0.0642857142857
62014 0.903571428571
64510 0.57962962963
66298 0.805317460317
62074 0.445476190476
67037 0.832857142857
70248 0.845535714286
66311 0.834981684982
74711 0.966666666667
71591 0.367857142857
75209 0.422387566138
75249 0.713392857143
74796 0.68538961039
70300 0.842063492063
71586 0.65
75210 0.684013605442
75246 0.718095238095
52502 0.628571428571
70263 0.852380952381
62011 0.605580357143
58606 0.9
73356 0.409948979592
70331 0.330965631759
62167 0.0833333333333
73335 0.91
74322 0.779761904762
61972 0.392857142857
67019 0.544444444444
61867 0.421212121212
71624 0.6
61985 0.440178571429
62441 0.833333333333
77829 0.69494047619
80896 0.678571428571
73303 0.783893557423
54030 0.753174603175
70314 0.512936507937
52040 0.669047619048
77683 0.483843537415
74397 0.865151515152
62511 0.566666666667
77761 0.690476190476
75224 0.65782627866
62055 0.911904761905
79839 0.675
61678 0.841071428571
75250 0.831632653061
66340 0.917142857143
70268 0.391071428571
77785 0.984848484848
62005 0.494871794872
62064 0.856051587302
77770 0.712053571429
61882 0.656994047619
62050 0.81875
81074 0.482142857143
66312 0.698313492063
80883 0.330965631759
74784 0.790476190476
62688 0.440136054422
61689 0.662142857143
74552 0.848611111111
70319 0.718353174603
74737 0.815396825397
75753 0.655555555556
61975 0.696853741497
74545 0.766326530612
80893 0.714285714286
73355 0.532738095238
61982 0.246904761905
62017 0.754761904762
52508 0.623015873016
61876 0.717989417989
62488 0.428571428571
75253 0.420238095238
52659 0.845476190476
71576 0.4625
73344 0.663461538462
71061 0.912012987013
62482 0.330965631759
62012 0.814285714286
61881 0.457142857143
52094 0.527777777778
73311 0.557359307359
52462 0.735119047619
67040 0.433862433862
79966 0.79
73308 0.8075
73367 0.817602040816
66300 0.9175
72114 0.723484848485
62730 0.575967261905
61980 0.647985347985
73214 0.25
70318 0.702857142857
62072 0.70293040293
62024 0.794047619048
73357 0.602040816327
62277 0.743915343915
81075 0.625
75245 0.790692640693
62066 0.269285714286
62489 0.330965631759
61627 0.740476190476
73343 0.801851851852
77905 0.745238095238
62006 0.596666666667
61995 0.900595238095
77731 0.799062049062
71834 0.330965631759
74760 0.57
61869 0.250079365079
52458 0.766666666667
61851 0.809523809524
80894 0.607142857143
70380 0.330965631759
74344 0.892261904762
80892 0.678571428571
62022 0.435416666667
74794 0.91875
70719 0.141666666667
70279 0.887142857143
61875 0.617989417989
71726 0.95
72127 0.694047619048
75223 0.646825396825
71638 0.537545787546
79850 0.701428571429
64737 0.971428571429
73369 0.662103174603
73368 0.433333333333
62731 0.734798534799
70264 0.279761904762
61999 0.904444444444
62061 0.330965631759
62007 0.774891774892
77763 0.949134199134
69872 0.875714285714
62062 0.832738095238
61855 0.359391534392
61977 0.482936507937
62717 0.222936507937
79837 0.658333333333
62710 0.842091836735
77717 0.860119047619
81072 0.732142857143
73327 0.242592592593
80889 0.714285714286
62008 0.673351648352
62019 0.753996598639
62402 0.839285714286
61907 0.51887755102
61986 0.741558441558
74321 0.874267399267
62683 0.783588435374
61683 0.914032536091
70714 0.145833333333
66315 0.88
62015 0.621527777778
62013 0.180873015873
62009 0.540327380952
80895 0.714285714286
62711 0.646949404762
62690 0.757301587302
62028 0.763095238095
66302 0.837820512821
61868 0.659722222222
52496 0.628571428571
62486 0.330965631759
73493 0.65
81073 0.339285714286
61677 0.784375
73359 0.814047619048
66343 0.679047619048
74290 0.872510822511
74749 0.601640720391
80888 0.0714285714286
56496 0.191666666667
61984 0.364926739927
61978 0.735846560847
52507 0.785714285714
62686 0.865750915751
71979 0.72619047619
71589 0.761111111111
75239 0.879411764706
77729 0.193542568543
74773 0.52380952381
75215 0.695833333333
62025 0.317490842491
79978 0.875
62051 0.687400793651
75252 0.689795918367
53950 0.958333333333
61629 0.737554112554
61988 0.854329004329
62693 0.577597402597
67018 0.42619047619
79970 0.851785714286
70715 0.125
74875 0.826785714286
62684 0.361349206349
62059 0.525595238095
70259 0.478095238095
77743 0.725446428571
62077 0.461772486772
74715 0.908163265306
71639 0.682852564103
62734 0.836363636364
62709 0.718707482993
52616 0.1
70804 0.330965631759
77938 0.87925170068
52491 0.640476190476
62026 0.857738095238
73363 0.605476190476
70262 0.546875
66309 0.695535714286
69314 0.717336309524
79852 0.791428571429
77787 0.36544011544
70822 0.111111111111
62713 0.618601190476
79812 0.982142857143
74371 0.833333333333
52494 0.77619047619
61979 0.821428571429
77788 0.661111111111
81071 0.75
61861 0.612261904762
62707 0.480396825397
74537 0.7
62469 0.820779220779
74805 0.585119047619
73330 0.814795918367
73324 0.880317460317
74608 0.643060643061
84426 0.2
70251 0.763333333333
74326 0.736547619048
66314 0.815079365079
74611 0.846984126984
73349 0.798095238095
62714 0.702645502646
62027 0.799047619048
70289 0.8
62069 0.804017857143
53986 0.55
73331 0.826360544218
80884 0.410714285714
74320 0.69619047619
70324 0.719047619048
53681 0.15873015873
77751 0.632936507937
70299 0.815793650794
69763 0.641369047619
52633 0.194576719577
62694 0.845535714286
71582 0.729523809524
75231 0.534013605442
70311 0.686111111111
66308 0.830654761905
71633 0.95
