81720 0.9
81705 0.875
55640 0.333036557709
70485 0.9
70777 0.54
70451 0.9
65037 0.787857142857
81681 0.75
81669 0.333036557709
81684 0.333036557709
62715 0.160799319728
73340 0.732467532468
81727 0.333036557709
81713 0.75
81683 0.75
81759 0.875
73318 0.864285714286
81760 0.333036557709
70717 0.333036557709
74402 0.73
70863 0.6375
66310 0.374350649351
81706 0.75
52042 0.718650793651
74030 0.857142857143
82422 0.333036557709
84453 0.333036557709
70865 0.75
70797 0.675
74635 0.261904761905
70446 0.8
62095 0.76746031746
81672 0.333036557709
70843 0.45
81731 0.875
70282 0.537202380952
81728 0.333036557709
82406 0.333036557709
70785 0.575
53089 0.25
73488 0.579166666667
81752 0.9
71735 0.368571428571
61687 0.841941391941
82469 0.333036557709
82509 0.333036557709
72093 0.669727891156
82566 0.333036557709
82447 0.333036557709
82410 0.333036557709
70718 0.333036557709
82723 0.333036557709
54336 0.135714285714
82466 0.333036557709
70836 0.716666666667
82571 0.333036557709
70826 0.73
62023 0.108424908425
55695 0.9
70479 0.9
70783 0.683333333333
55617 0.333036557709
82425 0.333036557709
81753 0.333036557709
70443 0.8
55606 0.333036557709
82499 0.333036557709
61880 0.865584415584
81677 0.875
62689 0.848313492063
74387 0.775
70772 0.875
82497 0.333036557709
81712 0.333036557709
55643 0.333036557709
73350 0.746513605442
82415 0.333036557709
70778 0.69
82423 0.333036557709
82591 0.333036557709
70442 0.9
70835 0.725
62052 0.640731292517
70306 0.608333333333
55615 0.333036557709
62732 0.65431547619
54326 0.321428571429
73358 0.754166666667
52641 0.75
70447 0.9
70864 0.8
82587 0.333036557709
81732 0.875
59700 0.84375
62060 0.314087301587
82569 0.333036557709
70476 0.9
54331 0.0916666666667
55669 0.333036557709
73347 0.794761904762
82507 0.333036557709
70317 0.656060606061
70249 0.651388888889
70256 0.75
82579 0.333036557709
82468 0.333036557709
70414 0.9
82508 0.333036557709
82501 0.333036557709
61974 0.665043290043
71557 0.9
62010 0.534920634921
54324 0.333036557709
62334 0.333036557709
74408 0.802083333333
70254 0.522448979592
62729 0.868707482993
61879 0.0642857142857
70448 0.6
82407 0.333036557709
64510 0.57962962963
73370 0.84375
66298 0.788650793651
81695 0.875
82580 0.333036557709
67037 0.757857142857
82460 0.333036557709
81678 0.9
56748 0.333036557709
70482 0.9
82570 0.333036557709
70798 0.5
82498 0.333036557709
82424 0.333036557709
69313 0.846875
70297 0.694505494505
81747 0.5
70847 0.616666666667
81682 0.9
70437 0.9
82512 0.333036557709
55653 0.25
81750 0.333036557709
55629 0.5
55642 0.75
82458 0.333036557709
81690 0.9
72555 0.4
70263 0.79880952381
70867 0.25
54651 0.219444444444
54619 0.0666666666667
54562 0.411904761905
62011 0.558705357143
73356 0.338520408163
58606 0.333036557709
70406 0.9
82471 0.333036557709
73335 0.91
74322 0.758928571429
61972 0.392857142857
67019 0.527777777778
70441 0.8
74971 0.257482993197
72829 0.111111111111
62441 0.904761904762
70489 0.8
81744 0.75
82574 0.333036557709
73303 0.739775910364
54327 0.125
54030 0.80873015873
82414 0.333036557709
70314 0.49626984127
70846 0.833333333333
55670 0.333333333333
70866 0.333036557709
82568 0.333036557709
70421 0.8
74397 0.819696969697
70779 0.39
70781 0.75
62511 0.543939393939
70287 0.179931972789
55680 0.9
70790 0.826666666667
82470 0.333036557709
70720 0.333333333333
70834 0.91
62005 0.494871794872
54293 0.077380952381
82465 0.333036557709
81671 0.5
81725 0.75
81696 0.333036557709
70832 0.59
66301 0.490816326531
55639 0.333036557709
82450 0.333036557709
71146 0.666666666667
70428 0.6
62285 0.796031746032
81758 0.875
81679 0.625
82490 0.333036557709
66312 0.67748015873
66299 0.710119047619
74349 0.9
71998 0.333036557709
61689 0.687142857143
81715 0.875
81686 0.9
70319 0.69751984127
81668 0.333036557709
54318 0.378571428571
74373 0.702380952381
55625 0.333036557709
61975 0.732568027211
70484 0.9
54328 0.5
55652 0.333036557709
70475 0.8
73322 0.825714285714
81709 0.75
70833 0.875
74017 0.442857142857
73355 0.432738095238
61982 0.221904761905
62017 0.754761904762
53802 0.9
82416 0.333036557709
73307 0.823511904762
71652 0.8
81734 0.875
82575 0.333036557709
70427 0.9
70845 0.8125
52659 0.870476190476
54660 0.0714285714286
82577 0.333036557709
82502 0.333036557709
70440 0.8
81729 0.625
73344 0.721153846154
55612 0.333036557709
70782 0.825
55662 0.333036557709
71564 0.25
73311 0.648268398268
81332 0.4
70844 0.46
70412 0.9
70422 0.9
73367 0.799744897959
81716 0.875
81751 0.9
81685 0.875
62730 0.544717261905
61980 0.647985347985
70318 0.68619047619
62024 0.744047619048
73468 0.834615384615
82576 0.333036557709
62286 0.152272727273
62277 0.716137566138
81670 0.9
70409 0.9
81703 0.333036557709
81324 0.333036557709
54611 0.228571428571
82496 0.333036557709
70831 0.633333333333
73343 0.774074074074
54557 0.557142857143
81692 0.333036557709
62006 0.596666666667
61995 0.879761904762
81741 0.333036557709
81694 0.333036557709
54317 0.271428571429
70474 0.8
61869 0.266746031746
71570 0.7
82582 0.333036557709
82462 0.333036557709
82411 0.333036557709
74344 0.892261904762
70252 0.696130952381
81749 0.875
70789 0.525
81742 0.9
70417 0.6
70791 0.641666666667
62692 0.358974358974
81691 0.333036557709
54332 0.154761904762
54320 0.188888888889
71712 0.6
75101 0.333036557709
70490 0.8
70719 0.266666666667
70279 0.90380952381
70871 0.766666666667
73351 0.25
55601 0.833333333333
82643 0.333036557709
66348 0.777777777778
61875 0.617989417989
70713 0.333036557709
55608 0.333036557709
74363 0.650925925926
82429 0.333036557709
82489 0.333036557709
74282 0.947916666667
82492 0.333036557709
55119 0.0642857142857
70824 0.0952380952381
81723 0.875
73369 0.70376984127
73368 0.370833333333
62731 0.677106227106
81699 0.875
70481 0.9
61999 0.887777777778
52652 0.506349206349
54637 0.114285714286
82099 0.333036557709
69872 0.850714285714
55637 0.25
70792 0.775
62717 0.20626984127
82504 0.333036557709
62710 0.842091836735
70439 0.9
82456 0.333036557709
73327 0.27037037037
70838 0.75
62019 0.718282312925
82419 0.333036557709
81688 0.9
55627 0.225
61907 0.465306122449
71651 0.8
73043 0.52
61986 0.696103896104
82584 0.333036557709
74321 0.874267399267
54648 0.283333333333
62683 0.783588435374
70410 0.9
61683 0.914032536091
70714 0.145833333333
81743 0.333036557709
70780 0.836666666667
62013 0.164206349206
55603 0.5
82491 0.333036557709
82412 0.333036557709
55610 0.9
82583 0.333036557709
62711 0.662574404762
82463 0.333036557709
62690 0.757301587302
62028 0.763095238095
55602 0.333036557709
70436 0.9
56577 0.9
81764 0.5
70488 0.9
73319 0.836111111111
70255 0.910204081633
82593 0.333036557709
70323 0.536666666667
81718 0.9
66302 0.837820512821
61868 0.659722222222
82573 0.333036557709
81726 0.333036557709
82457 0.333036557709
81740 0.875
60398 0.333036557709
73320 0.580714285714
73325 0.73021978022
81757 0.333036557709
55609 0.333036557709
71743 0.816666666667
81719 0.333036557709
82592 0.333036557709
70423 0.2
81687 0.75
55673 0.333036557709
73359 0.814047619048
56432 0.261904761905
74290 0.827056277056
82436 0.333036557709
55665 0.333036557709
82464 0.333036557709
74940 0.6
81733 0.333036557709
61681 0.825
82451 0.333036557709
82510 0.333036557709
61984 0.345695970696
71427 0.9
52646 0.765646258503
62686 0.865750915751
54655 0.333036557709
55654 0.5
73304 0.685357142857
70829 0.95
70486 0.9
81697 0.9
82417 0.333036557709
81722 0.875
71573 0.333036557709
70444 0.8
82435 0.333036557709
81754 0.333036557709
62025 0.317490842491
70775 0.675
62051 0.729067460317
81708 0.333036557709
81674 0.875
55604 0.333036557709
73299 0.8418997669
70793 0.25
82627 0.333036557709
81738 0.9
71467 0.9
70477 0.8
70715 0.1875
82511 0.333036557709
82506 0.333036557709
54294 0.166666666667
72668 0.742857142857
55655 0.9
81739 0.875
71654 0.6
62684 0.344682539683
54653 0.266666666667
62059 0.504761904762
81717 0.75
70861 0.7125
70842 0.5
62077 0.461772486772
81762 0.75
53101 0.291666666667
82454 0.333036557709
70413 0.2
82488 0.333036557709
62276 0.6
62734 0.813636363636
82596 0.333036557709
54541 0.314285714286
62709 0.700850340136
70483 0.6
66342 0.3
55657 0.333036557709
70804 0.25
70262 0.5
70415 0.9
54664 0.1
66309 0.664285714286
82453 0.333036557709
82427 0.333036557709
70787 0.7125
82500 0.333036557709
62054 0.525
81675 0.875
82474 0.333036557709
70822 0.194444444444
62713 0.649851190476
70416 0.4
70445 0.9
70407 0.2
54539 0.615873015873
81748 0.75
82426 0.333036557709
54544 0.5
81755 0.75
82409 0.333036557709
82431 0.333036557709
81707 0.9
70830 0.733333333333
62707 0.430396825397
82581 0.333036557709
70840 0.556666666667
81721 0.875
73330 0.79693877551
81700 0.9
54333 0.121428571429
81736 0.75
73324 0.863650793651
73333 0.780555555556
70251 0.763333333333
74326 0.736547619048
81673 0.75
82628 0.333036557709
73349 0.748095238095
70827 0.766666666667
82578 0.333036557709
82455 0.333036557709
70425 0.6
81735 0.333036557709
55656 0.9
55658 0.333036557709
55624 0.333036557709
81761 0.875
81701 0.375
81756 0.333036557709
71935 0.590476190476
73331 0.862074829932
70480 0.9
70324 0.673593073593
66304 0.711011904762
70491 0.9
70299 0.78246031746
71571 0.444444444444
70837 0.5
70438 0.9
52633 0.194576719577
82493 0.333036557709
55616 0.375
62694 0.845535714286
55628 0.458333333333
81710 0.333036557709
70266 0.623015873016
81680 0.875
70776 0.516666666667
66308 0.846279761905
70257 0.9375
