62407 0.114182692308
64576 0.114182692308
58491 0.114182692308
64503 0.1
57916 0.114182692308
63836 0.114182692308
64636 0.225
64494 0.114182692308
64500 0.2
58035 0.2
61934 0.114182692308
64588 0.114182692308
64974 0.114182692308
59968 0.114182692308
64928 0.114182692308
64578 0.114182692308
64590 0.114182692308
64575 0.2
64990 0.114182692308
63840 0.114182692308
64712 0.291666666667
64565 0.2
64718 0.2
62406 0.2
64711 0.114182692308
63844 0.114182692308
64589 0.114182692308
64730 0.2
64978 0.2
62349 0.2
60308 0.114182692308
59917 0.2
64496 0.114182692308
64729 0.114182692308
64631 0.35
65347 0.114182692308
64566 0.2
63833 0.114182692308
63835 0.2
64587 0.114182692308
63843 0.114182692308
63826 0.114182692308
63834 0.114182692308
64615 0.244047619048
59259 0.114182692308
64920 0.114182692308
64340 0.114182692308
64567 0.114182692308
64585 0.114182692308
64499 0.114182692308
58088 0.2
64719 0.2
64871 0.114182692308
64717 0.114182692308
64592 0.2
64584 0.114182692308
64723 0.114182692308
64572 0.114182692308
64497 0.2
55815 0.2
64647 0.05
64976 0.114182692308
64568 0.2
64569 0.2
58497 0.114182692308
64580 0.2
59965 0.114182692308
64716 0.114182692308
64917 0.114182692308
64914 0.114182692308
56829 0.114182692308
64924 0.2
64591 0.2
65200 0.2
64999 0.2
61833 0.114182692308
64571 0.114182692308
64579 0.2
64879 0.114182692308
58039 0.2
59922 0.114182692308
64715 0.114182692308
55805 0.2
65571 0.114182692308
57785 0.114182692308
64733 0.114182692308
64918 0.114182692308
64869 0.114182692308
63829 0.114182692308
59957 0.114182692308
64586 0.114182692308
64627 0.2
64884 0.114182692308
61700 0.114182692308
59967 0.114182692308
61932 0.114182692308
61829 0.114182692308
58038 0.114182692308
64570 0.114182692308
57781 0.2
64727 0.2
61811 0.114182692308
64574 0.114182692308
64343 0.114182692308
64882 0.114182692308
64883 0.114182692308
58090 0.114182692308
56827 0.2
56832 0.114182692308
63846 0.114182692308
64610 0.6
62694 0.845535714286
64714 0.114182692308
