52876 0.9
62451 0.469523809524
52644 0.655555555556
73340 0.732467532468
55854 0.632380952381
70273 0.175595238095
73334 0.583333333333
70298 0.704166666667
53331 0.733333333333
53457 0.5
70978 0.307064557369
60489 0.714285714286
53134 0.307064557369
70907 0.588888888889
71024 0.525
55823 0.5
84527 0.307064557369
73992 0.666666666667
62049 0.587698412698
74292 0.5125
62719 0.79387755102
52666 0.571428571429
53395 0.516666666667
62080 0.666666666667
55131 0.672222222222
52042 0.676984126984
62681 0.0833333333333
53402 0.8
76680 0.307064557369
75432 0.714285714286
62018 0.43
66320 0.165277777778
74635 0.345238095238
52033 0.611904761905
62095 0.750793650794
53187 0.515079365079
72418 0.166666666667
70282 0.516369047619
53103 0.9
52638 0.452380952381
70947 0.745833333333
53230 0.690476190476
66347 0.307064557369
53089 0.25
52687 0.847023809524
74293 0.652678571429
61991 0.673469387755
61687 0.841941391941
72055 0.266666666667
55112 0.472222222222
70281 0.666666666667
53665 0.307064557369
74370 0.8
62728 0.307064557369
84468 0.307064557369
71942 0.630952380952
53196 0.635317460317
72093 0.705442176871
52090 0.9
71987 0.503968253968
53113 0.839285714286
72060 0.233333333333
54639 0.839285714286
56958 0.307064557369
74354 0.65
73305 0.697023809524
62023 0.0891941391941
53961 0.633333333333
70253 0.0666666666667
52672 0.667857142857
53542 0.307064557369
74378 0.8
61880 0.888311688312
53412 0.9
71986 0.285714285714
62689 0.82748015873
74258 0.485714285714
74367 0.561111111111
73350 0.746513605442
75367 0.55
74336 0.333333333333
55132 0.878231292517
52657 0.625
53199 0.681746031746
74764 0.908333333333
52097 0.307064557369
72411 0.6
73467 0.680555555556
62052 0.640731292517
61973 0.826785714286
53420 0.666666666667
70306 0.608333333333
62732 0.63869047619
79178 0.833333333333
73358 0.779166666667
52789 0.9
73300 0.214285714286
59700 0.8125
70236 0.166666666667
70283 0.7
52667 0.492857142857
53391 0.533333333333
70951 0.577777777778
75442 0.84126984127
54343 0.64574829932
62721 0.612202380952
55185 0.575
73332 0.895833333333
70249 0.630555555556
78304 0.833333333333
70272 0.245833333333
62722 0.775833333333
52084 0.75
53454 0.9
61974 0.665043290043
70908 0.75
52649 0.696825396825
62010 0.534920634921
78233 0.307064557369
75372 0.711904761905
53086 0.285714285714
78291 0.666666666667
74408 0.833333333333
52068 0.504166666667
62729 0.850850340136
61879 0.0285714285714
62014 0.875793650794
70383 0.307064557369
64510 0.524074074074
53373 0.833333333333
73370 0.78125
66298 0.788650793651
79211 0.833333333333
62074 0.420476190476
53645 0.357142857143
74786 0.874867724868
67037 0.757857142857
71013 0.5
70326 0.801428571429
70248 0.762202380952
66311 0.834981684982
71945 0.571428571429
53077 0.204166666667
74617 0.875
70297 0.694505494505
74353 0.527777777778
72796 0.404166666667
70300 0.842063492063
76666 0.2
52018 0.166666666667
81261 0.666666666667
78234 0.333333333333
71949 0.505357142857
55196 0.860714285714
72864 0.285714285714
70263 0.816666666667
54830 0.464285714286
73356 0.392091836735
71982 0.571428571429
73335 0.91
53378 0.307064557369
74018 0.72
74322 0.738095238095
61972 0.37619047619
70938 0.483333333333
67019 0.544444444444
61867 0.421212121212
74971 0.221768707483
53195 0.616666666667
61985 0.408928571429
72129 0.571428571429
55840 0.9
78223 0.9
70369 0.452380952381
54030 0.780952380952
71014 0.755555555556
70314 0.479603174603
52040 0.597619047619
53105 0.625
52733 0.138888888889
55792 0.166666666667
73312 0.638888888889
74397 0.842424242424
78433 0.307064557369
70307 0.608333333333
73366 0.306666666667
62511 0.543939393939
53409 0.9
75368 0.609523809524
70287 0.108503401361
62055 0.884126984127
66340 0.867142857143
75365 0.728571428571
70268 0.432738095238
53394 0.6
74346 0.861111111111
62005 0.45641025641
53529 0.75
76671 0.4
73329 0.9
53227 0.784761904762
62064 0.856051587302
74291 0.4
72876 0.333333333333
70351 0.55
53383 0.666666666667
52643 0.547619047619
62733 0.821428571429
66312 0.635813492063
78329 0.307064557369
71947 0.285714285714
62688 0.404421768707
53384 0.333333333333
74615 0.926020408163
74616 0.916666666667
73469 0.316071428571
55124 0.664761904762
61689 0.637142857143
84528 0.2
78434 0.333333333333
53194 0.809183673469
54640 0.819047619048
72914 0.9
74373 0.674603174603
74737 0.79873015873
70472 0.75
71026 0.670476190476
57048 0.58630952381
70977 0.333333333333
62326 0.83
62736 0.6
73322 0.800714285714
78467 0.9
55824 0.666666666667
73355 0.457738095238
62017 0.754761904762
61982 0.221904761905
71028 0.691666666667
81241 0.307064557369
75366 0.450793650794
73336 0.725
52106 0.9
61876 0.717989417989
73307 0.823511904762
78263 0.833333333333
78008 0.307064557369
52659 0.845476190476
72128 0.571428571429
73344 0.663461538462
53419 0.9
72412 0.8
71061 0.912012987013
62879 0.166666666667
72130 0.307064557369
62012 0.742857142857
55165 0.833333333333
74128 0.5
78058 0.125
53110 0.307064557369
73311 0.580086580087
67040 0.46164021164
53428 0.9
78290 0.307064557369
52625 0.242857142857
75369 0.466666666667
78298 0.9
62720 0.0833333333333
73308 0.7825
84535 0.307064557369
62856 0.166666666667
73367 0.799744897959
55681 0.483333333333
66300 0.8925
73268 0.621031746032
72114 0.700757575758
70355 0.307064557369
84509 0.6
53555 0.866666666667
52651 0.771428571429
62730 0.544717261905
61980 0.590293040293
70318 0.669523809524
62072 0.645238095238
78790 0.307064557369
53328 0.166666666667
62024 0.769047619048
73357 0.530612244898
62058 0.0833333333333
73468 0.834615384615
62286 0.129545454545
74883 0.758333333333
62066 0.244285714286
74614 0.75254447933
70912 0.344444444444
53197 0.746031746032
62063 0.166666666667
74296 0.55
55151 0.65
74377 0.591071428571
62006 0.596666666667
61976 0.66875
76593 0.500878043525
61869 0.250079365079
74374 0.8
52622 0.307064557369
70374 0.285714285714
84466 0.2
74344 0.871428571429
70380 0.25
70363 0.142857142857
53427 0.9
71941 0.517857142857
53411 0.833333333333
70312 0.683333333333
62692 0.339743589744
72131 0.55
53399 0.716666666667
66307 0.4
62022 0.435416666667
74794 0.8875
74395 0.6
71946 0.626984126984
70286 0.764285714286
78231 0.666666666667
70279 0.887142857143
53396 0.516666666667
73351 0.416666666667
70943 0.756666666667
66348 0.527777777778
61875 0.506878306878
71020 0.866666666667
53188 0.96
53121 0.307064557369
74363 0.59537037037
74282 0.947916666667
55119 0.0642857142857
53334 0.666666666667
64737 0.935714285714
73369 0.64126984127
75439 0.666666666667
74338 0.4
53069 0.527777777778
61999 0.871111111111
57654 0.266666666667
62061 0.307064557369
70269 0.35
62007 0.729437229437
69872 0.875714285714
52054 0.85
53406 0.9
62062 0.738988095238
79208 0.666666666667
78428 0.307064557369
61855 0.331613756614
70997 0.466666666667
61977 0.482936507937
62680 0.460204081633
70276 0.375
73976 0.75
62717 0.189603174603
53414 0.833333333333
62710 0.859948979592
57909 0.852678571429
73302 0.75
53523 0.183333333333
70285 0.307064557369
72119 0.571428571429
62008 0.63489010989
70387 0.307064557369
53329 0.333333333333
70338 0.933333333333
62019 0.700425170068
74319 0.9
61907 0.465306122449
61986 0.718831168831
71984 0.667346938776
70877 0.307064557369
62683 0.765731292517
66315 0.88
62015 0.600694444444
84485 0.2
66306 0.708333333333
74317 0.68
61614 0.745535714286
53222 0.609523809524
62013 0.180873015873
71937 0.619047619048
84464 0.307064557369
58463 0.9
55771 0.9
53180 0.477976190476
53426 0.9
70309 0.307064557369
66349 0.39880952381
62711 0.631324404762
62691 0.732936507937
55134 0.928571428571
53108 0.282936507937
73319 0.863888888889
70913 0.866666666667
67017 0.166666666667
76668 0.6
70323 0.486666666667
66302 0.837820512821
53518 0.307064557369
52623 0.314285714286
53652 0.15873015873
54024 0.104166666667
61868 0.618055555556
53398 0.266666666667
71015 0.2
62071 0.726556776557
53463 0.166666666667
72789 0.8
78056 0.307064557369
73320 0.580714285714
73325 0.749450549451
70944 0.408333333333
72518 0.307064557369
79326 0.5
78435 0.307064557369
61677 0.784375
53183 0.791666666667
71022 0.745238095238
73359 0.814047619048
53252 0.8
53217 0.774761904762
53459 0.833333333333
52653 0.531746031746
74290 0.827056277056
74749 0.559974053724
70939 0.916666666667
61681 0.789285714286
74325 0.438888888889
70313 0.916666666667
75370 0.333333333333
54302 0.666666666667
54840 0.428571428571
61978 0.708068783069
52646 0.658503401361
81499 0.833333333333
62686 0.865750915751
78441 0.307064557369
78429 0.307064557369
74783 0.77
52057 0.666666666667
74612 0.782738095238
52645 0.534920634921
53407 0.9
70950 0.477619047619
66350 0.7
61761 0.666666666667
75239 0.879411764706
53503 0.4
72152 0.428571428571
56553 0.666666666667
73522 0.859523809524
53413 0.833333333333
52642 0.59880952381
70918 0.825
76653 0.708333333333
71943 0.307064557369
74356 0.916666666667
52102 0.625
62712 0.466666666667
65033 0.780859010271
73309 0.5
78438 0.5
52663 0.62380952381
55203 0.5
53669 0.15873015873
53148 0.2
62025 0.29826007326
71017 0.705952380952
72552 0.25
53336 0.5
53416 0.833333333333
78227 0.307064557369
53181 0.44619047619
52655 0.57619047619
53333 0.666666666667
61629 0.6920995671
52463 0.888888888889
71950 0.614285714286
62708 0.353571428571
81539 0.333333333333
71018 0.698412698413
53455 0.666666666667
62693 0.532142857143
67018 0.398412698413
61688 0.777142857143
53404 0.833333333333
71936 0.285714285714
71631 0.65
73342 0.325
53190 0.877083333333
52080 0.666666666667
62059 0.483928571429
84086 0.166666666667
53084 0.334285714286
70259 0.428095238095
62878 0.833333333333
52647 0.491666666667
70402 0.801587301587
62077 0.48955026455
53101 0.166666666667
74328 0.808333333333
61862 0.3
78300 0.9
74613 0.71130952381
70492 0.785714285714
61997 0.65
62734 0.813636363636
66305 0.465306122449
52620 0.284523809524
62709 0.700850340136
75437 0.619047619048
62210 0.166666666667
72122 0.857142857143
73978 0.5
70999 0.322222222222
74392 0.225
72118 0.307064557369
62026 0.795238095238
62679 0.4
61878 0.471428571429
71001 0.327777777778
73363 0.530476190476
70262 0.5
84501 0.4
53550 0.738888888889
71940 0.619047619048
70382 0.333333333333
66309 0.633035714286
71030 0.780555555556
53493 0.933333333333
73487 0.307064557369
52069 0.9
72091 0.433333333333
53462 0.9
70917 0.555555555556
74393 0.307064557369
62713 0.602976190476
79812 0.919642857143
74371 0.797619047619
78221 0.833333333333
52640 0.885714285714
73352 0.398958333333
54904 0.869047619048
53393 0.616666666667
61993 0.756101190476
74800 0.8625
70940 0.811111111111
73993 0.25
53102 0.197619047619
53126 0.513095238095
61861 0.562261904762
75377 0.577777777778
53417 0.9
62469 0.775324675325
71019 0.621726190476
73330 0.779081632653
74299 0.575
52083 0.5
73324 0.863650793651
73333 0.718055555556
58461 0.666666666667
78299 0.666666666667
70251 0.738333333333
53117 0.359523809524
72125 0.166666666667
66314 0.815079365079
84475 0.6
74611 0.830317460317
73349 0.748095238095
61603 0.342857142857
52665 0.470238095238
62714 0.702645502646
53405 0.833333333333
78302 0.307064557369
70289 0.841666666667
71021 0.702083333333
53189 0.792857142857
58464 0.833333333333
74364 0.9
62069 0.804017857143
78230 0.833333333333
61996 0.6
73331 0.826360544218
70284 0.724867724868
52078 0.166666666667
71031 0.709523809524
52664 0.417857142857
70324 0.673593073593
52091 0.5
53546 0.633333333333
78228 0.75
66304 0.711011904762
70299 0.78246031746
74348 0.65
72417 0.1
63851 0.616666666667
73316 0.225
62016 0.634183673469
69763 0.610119047619
52633 0.166798941799
52648 0.729761904762
74327 0.366666666667
74369 0.75
72542 0.307064557369
70290 0.842517006803
62694 0.845535714286
62053 0.594444444444
53677 0.325396825397
53535 0.538888888889
78439 0.307064557369
70266 0.650793650794
61685 0.788988095238
73371 0.589523809524
66308 0.830654761905
