76655 0.25
70777 0.54
75227 0.72619047619
75758 0.354239911995
76726 0.125
75208 0.23
62470 0.76978021978
76606 0.354239911995
70717 0.25
70863 0.6375
74538 0.354239911995
76852 0.916666666667
70865 0.75
70706 0.354239911995
76643 0.719516594517
70843 0.616666666667
76585 0.9
72121 0.75462962963
70785 0.6375
75213 0.635897435897
75751 0.8375
76642 0.583333333333
75254 0.535317460317
70707 0.354239911995
70874 0.354239911995
71987 0.753968253968
74511 0.805357142857
70836 0.716666666667
70826 0.83
76601 0.354239911995
75525 0.354239911995
71551 0.555555555556
70772 0.8125
76654 0.5
73668 0.746031746032
71948 0.641666666667
70778 0.74
71881 0.354239911995
70835 0.85
75251 0.9
74539 0.638888888889
71827 0.354239911995
76639 0.594436813187
76878 0.354239911995
75242 0.792592592593
74677 0.354239911995
70864 0.55
72123 0.66746031746
75285 0.2875
76609 0.649553571429
75750 0.9
76793 0.75
76610 0.9
70709 0.354239911995
70786 0.4
70730 0.354239911995
75209 0.380720899471
70825 0.9
75249 0.650892857143
70847 0.616666666667
71949 0.567857142857
75210 0.612585034014
76645 0.9
76595 0.870555555556
75246 0.743095238095
72115 0.617857142857
70867 0.9
75237 0.354239911995
71873 0.354239911995
75211 0.444444444444
70704 0.354239911995
70823 0.354239911995
70681 0.354239911995
70759 0.354239911995
70846 0.833333333333
75222 0.354239911995
70779 0.49
70738 0.354239911995
75224 0.671715167549
71877 0.354239911995
70790 0.876666666667
75250 0.795918367347
70750 0.354239911995
70834 0.91
70832 0.69
75933 0.354239911995
74615 0.926020408163
76584 0.5
72866 0.547619047619
70703 0.354239911995
74552 0.806944444444
75753 0.593055555556
75229 0.815306122449
64525 0.625
74545 0.694897959184
76600 0.354239911995
76863 0.354239911995
71938 0.571428571429
76705 0.8
75236 0.354239911995
70833 0.75
75261 0.354239911995
75253 0.336904761905
70868 0.666666666667
70845 0.9375
70732 0.354239911995
76607 0.862351190476
70758 0.354239911995
70782 0.825
71564 0.5
76594 0.821428571429
70844 0.46
71810 0.354239911995
62442 0.734375
76644 0.65
73214 0.354239911995
74678 0.354239911995
75752 0.9
75245 0.767965367965
74614 0.75254447933
70688 0.354239911995
76603 0.746604938272
70831 0.716666666667
73826 0.9
70321 0.75
76593 0.486172161172
76605 0.701854982624
61851 0.684523809524
75283 0.75
71995 0.783446712018
76614 0.354239911995
71941 0.517857142857
71939 0.388888888889
70791 0.725
72131 0.55
76612 0.916666666667
76853 0.9
75247 0.777777777778
71876 0.354239911995
70871 0.933333333333
61777 0.846741452991
75223 0.605158730159
76141 0.916666666667
73685 0.354239911995
70792 0.8375
74950 0.67380952381
77078 0.354239911995
76586 0.388888888889
70838 0.833333333333
73043 0.57
71984 0.70306122449
70869 0.8
76866 0.354239911995
70714 0.208333333333
75255 0.833333333333
75212 0.680357142857
74698 0.354239911995
70780 0.836666666667
70731 0.354239911995
71996 0.7
70756 0.354239911995
76592 0.354239911995
74535 0.566666666667
75230 0.9
76615 0.354239911995
76613 0.895734126984
70773 0.605555555556
76707 0.875
76649 0.354239911995
70839 0.7375
75289 0.814285714286
74543 0.772619047619
71740 0.354239911995
76650 0.741071428571
70682 0.354239911995
75754 0.758333333333
74384 0.354239911995
76641 0.910714285714
70829 0.95
75932 0.766666666667
74673 0.354239911995
75239 0.894117647059
73522 0.809523809524
76653 0.833333333333
75215 0.695833333333
65033 0.780859010271
75225 0.354239911995
70828 0.802857142857
75260 0.729166666667
75241 0.783333333333
70775 0.8
75252 0.582653061224
70793 0.9
76589 0.817475579976
74676 0.354239911995
70715 0.1875
70708 0.354239911995
76590 0.77
74542 0.716666666667
74602 0.75
70861 0.775
76640 0.908333333333
70734 0.354239911995
75361 0.354239911995
70727 0.354239911995
76588 0.833333333333
76648 0.866666666667
75232 0.793154761905
76868 0.354239911995
69314 0.701711309524
70729 0.354239911995
70787 0.7125
70745 0.354239911995
76651 0.5
70687 0.354239911995
70754 0.354239911995
76598 0.541666666667
75248 0.9
52128 0.354239911995
75217 0.845833333333
76140 0.354239911995
70830 0.733333333333
76881 0.354239911995
70840 0.606666666667
74537 0.616666666667
70862 0.533333333333
75220 0.333333333333
70870 0.55
74608 0.643060643061
76604 0.222222222222
76851 0.842151675485
70736 0.354239911995
74531 0.354239911995
74611 0.813650793651
70827 0.766666666667
75258 0.354239911995
70695 0.354239911995
70733 0.354239911995
70837 0.9
76652 0.814761904762
57908 0.88956043956
70746 0.354239911995
76701 0.7
75231 0.498299319728
