1 1 1 1 2 2 2 2 2 1 2 2 2 2
2 2 2 1 1 1 2 2 2 2 2 2 1 1
3 2 1 1 1 1 1 2 2 2 1 2 1 1
4 1 1 1 1 1 2 2 2 1 2 2 1 2
5 2 2 1 2 1 2 1 1 2 1 2 1 2
6 2 1 1 1 2 1 1 2 1 1 2 2 2
7 2 2 2 2 2 2 2 1 2 2 2 2 1
8 1 2 1 1 1 1 1 1 2 2 2 1 2
9 1 1 1 2 2 1 2 2 1 1 2 1 2
10 2 1 1 1 1 1 1 1 1 2 1 2 1
11 1 1 1 1 1 1 1 1 1 1 1 1 2
12 1 2 1 2 1 1 2 2 1 2 2 2 2
13 1 1 2 1 2 1 1 1 1 1 1 1 1
14 1 1 1 2 2 2 1 1 2 1 1 1 1
15 1 1 1 1 1 1 1 2 2 2 1 1 2
16 1 2 2 2 2 2 1 1 1 2 2 1 2
17 1 2 2 1 1 2 2 2 2 1 1 2 2
18 2 1 2 1 1 1 1 1 2 1 1 2 2
19 2 2 2 1 2 2 2 1 2 2 1 1 2
20 2 2 2 1 1 1 2 2 1 2 1 1 2
21 2 2 1 1 2 1 2 1 2 2 2 1 2
22 1 2 1 1 2 2 1 1 1 1 2 2 1
23 2 2 2 2 1 2 2 2 1 1 2 2 2
24 1 2 1 1 1 1 1 1 1 1 1 1 1
25 2 2 1 1 2 2 2 1 1 1 1 2 2
26 1 2 1 1 2 1 1 2 2 2 1 2 2
27 1 2 2 2 1 1 2 2 2 1 2 2 1
28 1 1 1 1 2 2 2 2 2 2 1 1 1
29 2 2 2 1 2 2 2 2 2 2 2 2 2
30 2 2 1 2 1 2 2 2 2 2 2 1 2
31 2 1 2 1 1 2 1 2 2 2 2 2 2
32 2 2 2 1 2 2 2 2 2 2 2 2 2
33 1 2 2 1 2 1 1 2 1 2 1 1 1
34 1 1 2 2 1 2 1 1 1 2 1 1 1
35 2 2 2 2 2 2 2 2 2 2 2 2 2
36 2 1 2 1 1 1 1 2 2 2 2 2 2
37 1 1 1 2 2 2 2 1 2 1 2 2 2
38 2 2 2 1 1 1 1 2 1 1 2 2 1
39 2 2 2 2 2 1 2 1 1 2 1 1 1
40 2 1 1 1 2 1 2 2 2 1 1 1 1
41 1 1 1 1 1 1 1 1 2 1 1 2 1
42 1 1 2 1 2 1 1 1 1 1 1 2 1
43 1 2 1 1 1 1 1 1 1 1 1 1 1
44 2 1 2 1 1 1 2 2 2 1 1 1 2
45 1 2 2 2 2 1 2 2 1 2 1 2 1
46 2 2 1 1 2 1 2 1 2 2 1 2 1
47 2 2 1 2 1 1 2 2 1 2 2 2 1
48 2 1 1 1 1 1 1 1 1 1 1 1 1
49 2 1 2 2 2 1 2 2 2 1 1 2 1
50 2 1 2 2 2 2 1 1 2 2 2 2 1
51 1 2 1 2 2 1 2 1 2 1 1 1 2
52 1 1 2 1 1 1 1 1 1 2 2 2 1
53 1 2 1 2 1 2 1 1 1 1 2 1 1
54 2 2 2 2 2 2 2 2 2 2 2 2 2
55 2 1 2 1 2 2 1 1 2 1 1 1 2
56 2 2 2 2 2 2 2 2 2 2 2 2 2
57 1 1 1 1 1 2 1 2 1 1 1 1 1
58 2 1 2 2 2 1 1 2 1 1 1 2 2
59 2 1 1 2 2 2 2 2 2 1 2 2 2
60 1 1 2 1 2 2 2 1 1 1 2 2 2
61 2 1 2 1 1 2 1 2 1 1 1 2 2
62 2 2 2 1 2 2 2 2 2 2 1 2 2
63 1 1 2 1 2 2 2 1 2 1 2 2 2
64 1 2 2 1 2 1 1 1 2 1 2 1 2
65 2 1 1 2 2 1 1 2 2 1 2 2 2
66 2 2 1 2 2 2 2 2 2 2 2 2 2
67 2 1 1 2 2 1 1 1 1 1 1 2 2
68 1 2 2 1 2 2 2 2 1 1 1 1 1
69 2 2 2 2 2 1 2 2 2 2 2 2 2
70 1 1 1 1 1 1 1 1 1 1 1 2 1
71 2 1 2 2 2 1 2 2 2 2 2 1 2
72 1 2 1 1 2 1 1 2 1 2 2 1 1
73 1 2 2 2 1 1 2 2 2 2 2 2 1
74 2 2 1 1 1 1 2 2 2 2 2 2 2
75 1 1 1 1 1 1 1 1 1 1 1 1 1
76 1 1 2 2 1 1 2 1 2 1 2 1 1
77 1 2 1 2 2 2 2 2 2 1 1 2 2
78 2 2 2 2 2 2 2 1 2 2 2 1 2
79 1 2 1 1 1 2 1 1 2 2 1 1 1
80 2 2 2 2 2 2 2 2 2 2 2 2 2
81 1 2 1 2 2 1 2 2 2 2 2 2 2
82 1 1 1 1 1 2 1 1 1 1 1 1 1
83 2 2 2 2 2 2 2 2 2 2 2 2 2
84 1 1 2 1 1 1 1 1 2 1 1 1 2
85 2 2 2 2 2 1 1 2 2 2 2 2 1
86 2 2 2 2 2 2 1 2 1 2 2 2 1
87 1 1 2 2 1 1 1 2 1 2 2 2 2