1 1 1 1 2
2 2 1 2 2
3 2 2 2 2
4 2 2 2 2
5 2 2 2 2
6 2 2 2 2
7 2 2 2 1
8 2 2 2 2
9 2 1 1 1
10 1 2 1 2
11 2 1 2 1
12 1 1 2 2
13 1 2 1 2
14 2 1 2 2
15 2 2 2 2
16 1 1 1 1
17 2 2 1 2
18 2 2 2 2
19 2 2 2 2
20 1 1 2 1
21 2 2 2 2
22 1 1 1 2
23 2 2 2 2
24 2 2 2 2
25 2 2 2 2
26 2 2 2 1
27 2 2 2 2
28 2 2 2 2
29 2 2 2 1
30 2 2 1 2
31 2 2 2 2
32 2 2 2 2
33 2 1 2 2
34 2 2 2 2
35 2 2 2 2
36 2 2 2 2
37 2 2 2 2
38 2 2 2 2
39 1 2 2 2
40 1 2 1 2
41 1 1 1 1
42 1 2 2 1
43 2 2 2 2
44 2 2 2 2
45 2 1 2 2
46 1 2 1 1
47 1 2 2 2
48 2 2 2 2
49 2 1 2 1
50 2 2 2 2
51 2 2 2 2
52 1 1 2 1
53 1 2 2 1
54 2 2 2 2
55 2 1 2 2
56 2 2 2 2
57 1 2 2 2
58 1 2 1 2
59 2 1 2 1
60 2 2 2 2
61 2 2 2 2
62 2 2 2 2
63 2 2 2 2
64 1 2 2 2
65 1 2 2 2
66 2 2 2 2
67 2 2 2 2
68 2 2 2 2
69 2 2 2 2
70 2 2 2 2
71 1 2 2 2
72 2 2 2 2
73 1 2 2 2
74 2 2 2 2
75 1 2 1 2
76 1 2 1 2
77 2 2 2 2
78 1 1 1 2
79 2 2 2 2
80 2 2 2 2
81 2 1 1 1
82 1 1 1 1
83 2 1 2 2
84 2 1 2 2
85 2 2 2 2
86 1 2 2 2
87 2 2 2 2
88 1 1 1 1
89 2 2 2 2
90 1 1 2 2
91 2 1 2 1
92 1 1 1 2
93 2 2 2 2
94 2 2 2 2
95 2 2 2 2
96 2 2 2 2
97 1 2 1 2
98 1 1 1 2
99 2 2 2 2
100 2 1 2 2
101 2 1 2 1
102 2 2 2 2
103 2 1 2 1
104 1 1 2 1
105 2 2 2 2
106 2 2 2 2
107 2 2 2 1
108 2 2 2 2
109 2 2 2 2
110 2 2 2 1
111 2 2 2 1
112 2 1 2 2
113 1 2 2 1
114 1 1 1 1
115 1 1 2 2
116 1 2 1 1
117 2 2 2 2
118 2 2 2 2
119 2 1 2 2
120 2 2 2 2
121 2 2 2 2
122 1 2 2 2
123 2 2 2 2
124 1 1 2 1
125 1 1 1 1
126 2 2 2 2
127 2 2 2 2
128 2 2 2 2
129 2 2 2 2
130 1 2 2 2
131 2 2 2 2
132 2 2 2 2
133 1 1 2 1
134 2 2 2 2
135 2 2 2 2
136 2 2 2 2
137 2 1 2 2
138 2 2 1 2
139 2 2 2 2
140 2 1 2 1
141 1 2 2 2
142 1 2 2 2
143 1 2 2 1
144 1 2 2 2
145 2 2 2 2
146 2 2 2 2
147 1 2 2 2
148 2 2 2 2
149 2 2 2 2
150 1 2 2 1
151 2 2 2 2
152 1 1 2 2
153 1 1 2 1
154 2 2 2 2
155 2 2 2 2
156 2 1 2 2
157 2 2 2 2
158 2 2 2 2
159 2 2 2 2
160 1 2 1 2
161 2 2 2 2
162 2 2 2 2
163 2 2 2 2
164 2 2 2 2
165 2 2 2 2
166 1 1 2 1
167 1 2 2 2
168 2 2 2 2
169 2 2 2 1
170 1 2 2 1
171 1 2 2 2
172 1 2 1 2
173 1 2 1 2
174 2 1 1 2
175 1 2 2 2
176 1 2 2 2
177 2 2 2 2
178 2 2 2 1
179 2 1 2 2
180 2 2 2 2
181 2 2 2 1
182 1 2 2 2
183 2 2 2 2
184 1 1 2 2
185 2 2 2 1
186 1 2 2 2
187 2 1 2 2
188 1 2 2 1
189 1 2 2 2
190 2 2 2 2
191 2 2 1 2
192 2 2 2 2
193 2 2 2 2
194 2 2 2 2
195 2 2 2 2
196 2 2 2 2
197 1 1 1 1
198 2 2 2 2
199 1 2 2 1
200 1 1 1 1
201 2 2 2 2
202 2 2 2 2
203 1 2 2 2
204 2 2 1 2
205 1 1 2 2
206 2 2 2 2
207 2 2 2 2
208 2 2 2 2
209 2 2 2 1
210 1 2 1 1
211 2 2 1 2
212 2 2 2 2
213 2 1 2 1
214 2 2 2 2
215 2 2 2 2
216 2 1 2 2
217 2 2 2 2
218 1 2 1 1
219 1 2 2 2
220 1 1 1 1
221 1 2 2 1
222 2 2 2 2
223 1 1 2 2
224 1 2 2 2
225 2 2 2 2
226 2 2 2 2
227 2 1 1 2
228 1 2 1 2
229 1 1 1 1
230 1 2 2 2
231 2 2 2 2
232 1 2 1 2
233 2 2 2 2
234 2 2 2 2
235 2 2 2 1
236 2 2 2 2
237 2 2 2 2
238 1 2 2 2
239 1 1 2 2
240 1 2 1 1
241 2 2 2 2
242 2 2 2 2
243 2 2 2 2
244 2 2 2 1
245 2 2 2 2
246 2 1 2 2
247 2 2 2 2
248 2 2 2 2
249 2 2 1 2
250 2 2 2 2
251 2 2 2 2
252 2 2 2 2
253 1 2 1 2
254 2 2 2 2
255 2 2 2 2
256 2 2 2 2
257 2 2 2 2
258 2 1 1 1
259 2 2 2 2
260 2 2 2 2
261 2 1 2 2
262 2 2 1 1
263 2 2 2 2
264 2 2 2 2
265 2 1 2 1
266 1 1 2 1
267 1 1 1 2
268 2 2 2 1
269 2 2 2 2
270 2 2 2 2
271 2 2 2 2
272 2 2 2 2
273 2 2 2 2
274 1 1 2 2
275 1 2 1 2
276 2 2 2 2
277 2 2 1 2
278 2 2 2 2
279 1 2 2 2
280 2 2 2 2
281 1 2 2 2
282 2 2 2 1
283 1 2 2 2
284 2 2 2 2
285 2 1 2 2
286 2 1 2 2
287 2 2 2 2
288 2 1 2 2
289 2 2 2 1
290 2 2 2 2
291 2 2 2 2
292 1 1 1 1
293 2 2 2 2
294 1 2 2 1
295 2 2 2 2
296 2 2 2 2
297 1 1 1 2
298 2 2 2 2
299 2 2 2 2
300 2 2 2 2
301 1 2 1 2
302 1 1 1 1
303 2 2 2 2
304 2 2 2 2
305 1 2 2 2
306 1 2 1 1
307 2 2 2 2
308 2 2 2 2
309 2 1 2 2
310 1 1 1 1
311 2 1 2 2
312 2 1 2 2
313 1 2 2 2
314 1 2 2 2
315 1 2 2 2
316 1 2 2 2
317 2 2 1 2
318 2 2 2 2
319 2 2 2 2
320 2 2 2 2
321 1 2 1 2
322 2 1 1 2
323 1 2 2 2
324 1 1 2 2
325 2 1 1 2
326 1 1 2 2
327 2 2 1 1
328 2 2 2 2
329 2 1 1 2
330 2 2 2 2
331 1 2 2 2
332 1 2 1 2
333 1 2 2 2
334 1 2 2 2
335 2 2 1 2
336 2 2 2 2
337 1 2 2 2
338 2 2 2 2
339 2 2 2 2
340 1 1 1 2
341 2 2 2 2
342 1 2 2 2
343 2 2 2 2
344 1 2 2 2
345 1 2 2 2
346 2 2 2 2
347 2 2 2 2
348 2 2 2 2
349 2 2 2 2
350 2 2 2 2
351 2 2 1 2
352 2 2 2 2
353 2 2 2 2
354 2 2 2 2
355 1 2 2 1
356 2 2 2 2
357 2 2 2 2
358 2 2 2 2
359 2 2 2 1
360 2 2 2 2
361 2 2 2 2
362 2 1 1 1
363 2 2 2 2
364 1 1 1 2
365 2 2 2 2
366 1 1 1 2
367 2 2 2 2
368 2 1 2 2
369 2 2 2 1
370 2 2 2 2
371 2 2 2 2
372 2 2 2 2
373 2 2 2 2
374 2 1 2 2
375 2 2 2 2
376 2 2 2 2
377 1 2 2 2
378 2 2 2 2
379 1 2 1 2
380 2 2 2 1
381 2 2 2 2
382 1 2 1 1
383 2 2 2 1
384 2 2 2 2
385 2 2 2 2
386 2 2 2 2
387 2 2 2 1
388 2 2 2 2
389 1 2 1 2
390 1 1 2 1
391 2 2 2 2
392 2 2 2 2
393 2 2 1 2
394 2 2 2 2
395 1 1 2 1
396 2 2 2 1
397 2 2 2 2
398 2 2 2 2
399 2 2 2 2
400 1 2 2 2
401 2 2 2 1
402 2 2 1 1
403 2 1 2 1
404 1 2 2 1
405 1 2 2 2
406 2 1 1 1
407 1 2 1 1
408 2 1 1 2
409 2 2 2 2
410 2 2 2 2
411 2 2 2 2
412 1 1 2 2
413 2 2 2 2
414 1 1 1 2
415 2 2 2 2
416 2 2 2 2
417 2 2 2 2
418 1 2 1 2
419 2 2 2 2
420 2 2 2 2
421 2 2 2 2
422 2 2 2 2
423 2 2 2 2
424 2 2 2 1
425 2 2 2 2
426 2 2 2 2
427 1 2 1 1
428 2 2 2 2
429 2 2 2 2
430 2 2 2 1
431 1 2 2 2
432 2 2 2 2
433 2 2 2 2
434 2 2 2 2
435 2 2 2 1
436 2 2 2 2
437 2 1 2 2
438 2 1 1 1
439 1 1 1 1
440 1 2 2 2
441 2 2 2 2
442 2 2 1 2
443 1 1 1 1
444 2 2 2 2
445 1 1 1 2
446 1 2 1 1
447 1 2 2 2
448 2 2 2 2
449 2 2 2 2
450 2 2 2 2
451 1 2 2 2
452 2 2 2 1
453 2 1 1 1
454 2 1 2 2
455 2 2 1 2
456 2 2 1 1
457 1 1 2 2
458 1 1 2 2
459 2 2 2 2
460 2 1 1 2
461 2 1 2 2
462 2 1 2 2
463 2 2 2 2
464 1 1 2 1
465 2 2 2 2
466 2 2 1 1
467 1 2 2 2
468 1 1 2 2
469 2 2 2 2
470 1 1 1 1
471 1 1 1 2
472 2 2 1 2
473 2 2 2 1
474 2 2 2 2
475 2 1 2 1
476 2 2 2 2
477 2 2 2 2
478 2 2 2 2
479 2 2 2 2
480 1 1 2 2
481 2 2 2 2
482 2 2 2 1
483 2 2 1 2
484 2 2 2 2
485 2 2 2 2
486 2 2 1 1
487 2 2 2 2
488 2 2 2 2
489 2 2 2 2
490 1 2 2 1
491 2 2 2 1
492 2 2 2 2
493 1 1 2 2
494 2 2 2 2
495 2 2 2 2
496 2 1 1 2
497 2 2 2 2
498 1 2 2 2
499 2 2 2 2
500 2 2 2 1
501 2 2 2 2
502 2 2 2 2
503 2 2 2 2
504 2 1 1 2
505 2 2 2 2
506 1 1 2 1
507 2 2 2 2
508 1 1 1 1
509 2 2 2 2
510 2 2 2 2
511 2 1 2 1
512 1 2 1 2
513 2 2 2 2
514 1 2 1 1
515 1 2 2 1
516 2 2 2 2
517 2 2 2 2
518 2 2 2 2
519 1 2 1 1
520 1 2 1 1
521 2 2 2 2
522 2 2 2 2
523 2 2 2 2
524 1 2 1 2
525 1 2 2 2
526 2 2 2 2
527 1 2 2 2
528 2 2 2 2
529 2 1 1 2
530 1 1 1 1
531 2 2 2 2
532 1 1 2 1
533 2 2 2 2
534 2 2 2 2
535 2 2 2 2
536 2 2 2 2
537 1 2 2 2
538 2 1 2 2
539 2 2 2 2
540 2 2 2 2
541 2 2 2 2
542 1 2 2 2
543 1 2 2 2
544 2 2 2 2
545 2 1 1 1
546 2 2 2 2
547 1 2 2 2
548 1 2 2 2
549 1 1 2 2
550 2 2 2 2
551 2 2 1 2
552 2 1 2 2
553 2 2 2 2
554 2 2 2 2
555 2 2 2 2
556 2 2 2 2
557 1 2 2 2
558 1 2 2 2
559 2 2 2 2
560 2 2 2 2
561 2 2 2 2
562 1 1 1 1
563 1 1 2 1
564 2 2 2 2
565 1 2 1 1
566 1 2 2 2
567 2 2 2 2
568 1 2 2 2
569 2 2 2 2
570 2 2 1 2
571 2 2 2 2
572 1 2 2 2
573 2 2 2 2
574 2 2 2 2
575 2 2 1 2
576 2 2 2 2
577 2 1 2 2
578 2 1 2 2
579 2 2 2 2
580 2 2 1 2
581 2 1 2 2
582 2 2 2 2
583 2 2 2 2
584 2 2 2 2
585 2 2 2 2
586 2 2 2 2
587 1 2 2 2
588 2 2 2 2
589 1 1 1 1
590 2 2 2 2
591 2 2 2 1
592 2 2 1 2
593 2 2 2 2
594 2 2 2 2
595 2 2 2 1
596 1 2 2 2
597 2 2 1 2
598 2 2 2 2
599 1 2 2 2
600 2 2 2 1
601 2 1 2 2
602 1 1 2 1
603 2 2 2 2
604 2 2 2 2
605 1 2 2 1
606 2 2 2 2
607 2 2 2 1
608 2 2 2 2
609 2 2 2 2
610 1 2 2 2
611 2 2 2 2
612 2 2 2 2
613 2 2 2 2
614 1 1 2 1
615 2 1 1 1
616 1 1 1 2
617 1 1 1 2
618 2 2 2 1
619 1 2 2 2
620 2 2 1 2
621 2 2 2 2
622 2 2 2 1
623 1 2 2 2
624 2 2 2 2
625 2 2 2 2
626 2 2 2 2
627 2 2 2 1
628 2 2 2 2
629 2 2 1 2
630 1 2 2 1
631 2 2 2 2
632 2 1 1 2
633 2 2 2 2
634 2 2 2 2
635 2 2 2 2
636 2 1 2 2
637 2 2 2 2
638 2 2 2 2
639 1 1 1 2
640 2 2 2 2
641 2 2 2 2
642 1 1 1 1
643 2 2 2 2
644 2 2 2 2
645 2 2 2 2
646 2 2 2 2
647 2 2 1 2
648 1 2 2 2
649 2 2 2 2
650 2 2 2 2
651 2 2 2 2
652 2 1 2 2
653 2 2 2 2
654 2 2 2 2
655 2 2 1 2
656 1 1 1 2
657 2 1 1 2
658 2 2 2 2
659 1 1 1 1
660 2 1 2 2
661 2 2 2 2
662 1 2 1 1
663 1 2 2 2
664 2 2 2 2
665 1 2 1 2
666 1 2 2 2
667 2 2 2 2
668 2 2 2 2
669 2 2 2 2
670 2 2 2 2
671 2 2 2 2
672 2 2 2 2
673 2 1 2 2
674 2 2 2 2
675 1 2 2 1
676 2 2 2 2
677 1 1 1 2
678 1 1 1 2
679 2 2 2 2
680 1 2 2 2
681 2 1 2 1
682 2 2 2 2
683 2 2 2 2
684 2 2 2 2
685 2 2 1 2
686 1 2 2 2
687 2 2 2 2
688 2 2 2 2
689 2 2 2 2
690 1 2 2 2
691 2 2 2 2
692 2 1 2 2
693 2 2 2 2
694 2 2 2 1
695 2 2 1 1
696 2 2 2 2
697 2 2 2 2
698 2 2 2 2
699 1 2 1 2
700 2 2 2 2
701 2 2 2 2
702 2 2 2 2
703 2 2 2 2
704 2 2 2 2
705 2 2 2 2
706 2 2 2 2
707 1 2 2 2
708 1 2 2 2
709 2 2 2 1
710 1 2 2 2
711 1 1 2 1
712 2 2 2 2
713 2 2 2 2
714 2 1 2 1
715 2 2 1 2
716 2 2 2 2
717 1 2 2 2
718 1 2 2 2
719 2 2 2 2
720 2 2 2 2
721 2 2 2 2
722 2 2 2 2
723 2 2 2 2
724 2 2 2 2
725 2 2 1 1
726 1 2 2 2
727 1 2 1 2
728 2 2 2 2
729 2 2 2 1
730 2 1 2 2
731 1 2 2 2
732 2 2 2 2
733 1 2 2 2
734 2 2 2 2
735 2 2 2 2
736 2 1 2 2
737 2 2 2 2
738 2 2 2 1
739 2 2 1 2
740 1 2 2 2
741 2 2 2 2
742 1 2 2 1
743 2 2 2 2
744 2 2 1 2
745 2 2 2 2
746 1 1 1 2
747 2 2 2 2
748 2 2 2 2
749 2 2 2 2
750 1 1 2 1
751 2 2 2 2
752 2 2 2 2
753 2 2 2 2
754 1 2 2 2
755 2 2 2 2
756 2 2 1 2
757 2 2 2 2
