1 1 1 1 1
2 1 1 2 1
3 2 1 2 2
4 2 2 2 1
5 1 1 2 2
6 1 2 2 1
7 1 1 1 1
8 1 1 1 1
9 1 1 2 2
10 1 1 1 2
11 1 1 1 2
12 2 2 2 1
13 1 1 1 2
14 2 2 2 2
15 2 2 2 1
16 1 1 2 1
17 2 2 1 2
18 2 1 1 2
19 1 2 2 2
20 1 1 2 2
21 2 2 2 2
22 1 2 2 2
23 1 1 1 2
24 1 2 2 1
25 2 2 1 2
26 2 1 1 1
27 2 1 2 2
28 2 2 2 2
29 2 2 2 1
30 1 1 1 2
31 1 1 1 2
32 1 1 2 2
33 2 2 2 2
34 2 2 1 2
35 2 1 2 2
36 2 2 2 2
37 2 2 2 2
38 2 2 2 1
39 1 2 2 2
40 1 2 2 1
41 1 1 1 2
42 2 2 2 2
43 2 2 2 1
44 2 1 2 1
45 1 2 2 2
46 2 2 2 2
47 1 1 1 1
48 2 2 2 1
49 1 2 2 2
50 2 2 2 2
51 1 1 2 1
52 2 1 1 1
53 1 1 1 1
54 2 2 2 2
55 2 1 2 1
56 2 2 1 2
57 2 1 2 1
58 1 1 1 2
59 2 1 2 1
60 2 2 2 2
61 2 2 1 1
62 1 2 2 2
63 2 1 1 2
64 1 1 2 1
65 2 2 2 1
66 2 1 2 2
67 1 1 1 2
68 1 2 1 1
69 2 1 2 2
70 2 2 1 1
71 1 1 2 2
72 2 2 2 2
73 2 2 1 2
74 1 2 1 1
75 2 1 2 1
76 2 2 2 2
77 2 1 1 2
78 2 2 2 2
79 2 2 2 2
80 1 1 2 2
81 2 2 1 2
82 2 2 2 2
83 1 1 1 1
84 2 1 1 2
85 2 2 2 2
86 1 1 1 1
87 2 2 1 2
88 2 2 2 1
89 2 2 2 2
90 1 1 1 1
91 1 1 1 2
92 2 2 1 2
93 2 2 2 2
94 1 2 1 2
95 1 1 2 1
96 2 1 1 2
97 2 2 2 2
98 2 2 2 2
99 2 2 1 1
100 2 2 1 2
101 1 2 1 1
102 1 1 1 2
103 2 2 1 1
104 1 1 2 1
105 1 2 1 2
106 2 2 2 2
107 2 2 2 1
108 2 1 2 1
109 1 1 1 1
110 1 1 2 2
111 1 2 1 1
112 1 2 1 1
113 2 2 2 2
114 1 1 2 1
115 2 1 1 1
116 2 1 1 2
117 2 1 1 2
118 2 2 2 2
119 2 1 1 1
120 2 2 2 1
121 1 1 1 2
122 1 2 1 1
123 2 2 1 2
124 2 2 2 1
125 1 1 2 2
126 2 2 2 1
127 1 2 1 1
128 2 2 1 1
129 2 2 2 1
130 2 1 1 1
131 2 2 1 2
132 2 1 1 2
133 1 1 1 2
134 1 1 2 1
135 1 1 2 1
136 2 2 1 1
137 2 2 2 1
138 1 2 2 1
139 2 1 1 1
140 1 1 1 2
141 2 1 2 1
142 2 1 2 1
143 2 1 2 2
144 2 2 2 2
145 2 1 2 2
146 2 2 2 2
147 2 1 2 2
148 1 2 1 1
149 1 2 1 1
150 1 1 2 2
151 1 1 1 2
152 1 2 1 2
153 1 1 2 1
154 2 2 2 2
155 2 2 1 2
156 2 1 2 1
157 1 1 1 1
158 2 1 2 2
159 2 1 1 1
160 2 2 2 2
161 1 1 1 1
162 1 1 1 2
163 1 2 1 1
164 1 2 1 2
165 1 2 2 2
166 2 1 2 1
167 1 1 1 1
168 1 2 2 2
169 2 2 2 2
170 2 1 2 2
171 1 2 1 1
172 1 2 1 1
173 2 2 2 1
174 2 2 2 1
175 1 2 2 2
176 2 2 2 2
177 2 1 2 2
178 2 2 2 2
179 2 2 2 2
180 1 2 2 2
181 2 1 2 2
182 1 2 2 2
183 2 2 2 2
184 1 2 1 1
185 2 2 1 2
186 2 1 2 2
187 2 1 1 2
188 2 2 2 2
189 1 1 1 2
190 2 2 2 2
191 1 2 2 2
192 1 1 2 2
193 2 2 2 2
194 1 2 2 2
195 2 2 2 2
196 2 1 1 1
197 2 2 1 2
198 1 2 2 2
199 2 2 2 1
200 2 2 2 1
201 1 1 1 1
202 2 1 2 2
203 1 2 2 2
204 1 1 1 2
205 1 1 2 2
206 1 2 2 2
207 1 1 2 2
208 1 2 1 2
209 1 1 1 2
210 1 1 1 1
211 2 2 1 1
212 1 2 1 2
213 2 1 2 1
214 1 2 2 2
215 1 2 2 1
216 2 2 2 2
217 1 2 2 2
218 2 1 2 2
219 1 2 2 2
220 2 2 2 1
221 2 1 2 1
222 2 2 2 1
223 1 2 1 1
224 1 2 1 1
225 1 1 1 1
226 2 1 2 2
227 2 2 2 2
228 2 1 1 2
229 2 2 2 2
230 2 2 2 1
231 2 2 2 2
232 1 1 1 1
233 2 2 2 2
234 2 1 2 2
235 1 1 1 2
236 1 2 1 1
237 2 2 1 1
238 1 2 1 2
239 2 2 2 2
240 2 2 2 1
241 2 1 2 1
242 2 1 2 1
243 2 1 1 1
244 1 1 2 1
