1 1 1 1 1
2 2 1 2 1
3 1 1 1 1
4 2 2 2 2
5 2 2 1 1
6 2 1 2 1
7 1 1 1 1
8 1 1 2 1
9 2 2 1 2
10 2 2 1 2
11 1 1 1 1
12 2 1 2 2
13 2 2 1 2
14 1 2 2 2
15 2 2 1 2
16 2 2 1 2
17 2 2 1 2
18 1 1 2 2
19 2 1 1 2
20 2 2 1 2
21 1 1 1 1
22 2 1 1 2
23 2 2 2 2
24 2 2 2 2
25 1 1 1 2
26 1 2 2 2
27 1 2 2 2
28 2 2 2 2
29 2 1 2 2
30 2 2 2 2
31 1 2 1 1
32 1 2 2 2
33 2 2 1 2
34 1 2 1 2
35 2 1 1 1
36 1 2 1 1
37 1 1 2 1
38 1 1 2 2
39 2 2 2 2
40 2 2 1 1
41 2 2 1 1
42 1 2 2 1
43 1 2 1 2
44 1 2 2 2
45 2 2 2 1
46 1 2 2 2
47 2 2 2 2
48 1 1 1 2
49 2 2 1 1
50 2 2 2 1
51 1 2 2 1
52 1 2 1 1
53 2 2 2 1
54 2 2 1 2
55 1 1 1 1
56 2 1 2 2
57 2 2 2 2
58 1 2 2 2
59 1 2 1 2
60 2 2 2 2
61 2 1 1 1
62 2 1 2 2
63 2 1 1 2
64 1 2 2 2
65 1 1 1 1
66 2 1 2 2
67 1 1 1 1
68 2 2 2 1
69 2 2 2 2
70 1 2 2 1
71 2 2 2 2
72 1 1 1 1
73 2 2 2 2
74 2 2 2 2
75 2 1 1 2
76 2 1 1 2
77 2 1 1 2
78 2 2 2 2
79 1 1 2 1
80 1 2 2 2
81 1 2 2 1
82 2 2 1 2
83 1 2 2 2
84 1 2 2 2
85 1 1 1 2
86 2 2 2 2
87 2 2 2 2
88 1 2 2 1
89 1 1 2 1
90 1 1 1 2
91 1 1 2 2
92 2 2 2 2
93 2 2 1 1
94 2 2 2 2
95 2 2 2 2
96 2 2 1 2
97 1 1 1 1
98 2 2 2 1
99 2 2 2 2
100 2 2 2 1
101 2 2 2 2
102 2 2 2 1
103 1 1 1 1
104 2 2 1 1
105 2 2 2 2
106 1 2 2 2
107 2 2 2 1
108 2 2 2 2
109 1 2 2 1
110 1 1 1 1
111 1 1 1 2
112 1 1 2 2
113 1 1 1 1
114 2 2 2 2
115 2 1 2 1
116 2 1 1 1
117 1 2 2 2
118 1 1 2 2
119 2 2 2 1
120 1 2 1 1
121 2 2 2 1
122 2 2 2 2
123 2 2 2 2
124 2 2 2 2
125 2 2 1 1
126 2 1 2 2
127 1 2 1 1
128 2 1 1 1
129 1 2 1 1
130 2 2 2 2
131 1 2 1 2
132 1 1 1 1
133 2 2 1 2
134 2 1 2 2
135 1 2 2 1
136 2 1 1 2
137 1 2 1 1
138 2 2 2 1
139 1 1 1 1
140 2 2 2 2
141 2 2 2 1
142 1 1 1 1
143 1 2 2 1
144 2 2 2 2
145 1 2 1 1
146 1 1 1 1
147 1 1 2 1
148 1 1 1 1
149 2 1 1 2
150 2 2 2 2
151 2 2 2 1
152 2 2 2 1
153 1 1 1 1
154 1 2 1 2
155 2 2 2 2
156 2 1 2 2
157 2 1 2 2
158 2 2 2 2
159 1 2 1 1
160 2 2 2 2
161 2 2 2 2
162 2 2 2 2
163 1 1 2 2
164 2 1 2 2
165 1 1 2 1
166 1 1 1 1
167 2 1 1 1
168 2 2 2 2
169 2 1 1 1
170 2 2 1 1
171 2 2 1 2
172 1 1 1 2
173 2 1 1 2
174 2 2 2 2
175 1 1 2 2
176 2 2 1 2
177 2 2 2 2
178 2 2 1 2
179 2 2 2 2
180 2 2 2 1
181 1 1 1 2
182 1 1 1 1
183 1 2 2 2
184 2 2 1 2
185 1 2 2 1
186 2 2 2 2
187 2 2 2 2
188 2 2 2 2
189 2 2 2 1
190 2 2 2 2
191 1 2 1 2
192 2 2 2 2
193 1 1 2 1
194 1 2 2 2
195 1 1 2 2
196 2 1 2 2
197 1 2 1 1
198 1 1 2 1
199 1 1 2 1
200 1 1 2 2
201 2 2 2 2
202 1 1 1 1
203 1 1 2 2
204 1 2 2 2
205 1 1 2 1
206 2 1 1 1
207 2 1 1 1
208 1 2 1 1
209 1 2 2 2
210 2 1 2 1
211 2 2 2 1
212 1 1 2 1
213 1 2 1 1
214 1 1 2 2
215 1 1 2 1
216 1 2 1 2
217 2 2 2 2
218 1 1 1 1
219 2 2 2 2
220 1 2 2 2
221 2 1 1 2
222 2 1 2 2
223 1 2 2 2
224 1 2 2 2
225 2 2 2 1
226 1 2 1 2
227 1 1 2 1
228 1 2 2 2
229 1 2 2 2
230 1 2 2 2
231 2 2 2 1
232 2 2 2 2
233 2 2 2 1
234 1 1 1 2
235 2 1 1 2
236 2 2 2 1
237 2 2 2 2
238 1 1 1 1
239 2 2 2 1
240 1 2 1 1
241 1 1 2 2
242 2 2 2 2
243 2 1 1 2
244 2 2 2 1
245 2 2 2 2
246 1 1 1 1
247 1 1 2 2
248 2 2 2 2
249 2 2 2 1
250 2 2 2 2
251 1 2 1 1
252 1 1 2 2
253 1 2 2 1
254 1 2 1 1
255 1 1 2 1
256 2 1 1 2
257 1 2 1 2
258 2 2 2 2
259 2 2 2 2
260 2 2 2 2
261 2 2 2 2
262 1 2 2 1
263 1 2 1 2
264 2 1 2 2
265 2 2 2 1
266 2 2 2 2
267 1 1 2 2
268 1 2 2 2
269 1 2 1 1
270 1 1 2 1
271 1 1 2 1
272 2 2 2 1
273 1 1 1 1
274 1 2 2 2
275 1 2 2 1
276 2 2 2 2
277 1 1 1 1
278 1 2 2 2
279 2 1 1 2
280 1 2 1 1
281 1 2 2 2
282 1 2 2 2
283 2 1 1 2
284 2 1 1 1
285 2 1 2 2
286 1 1 1 1
287 1 1 1 2
288 2 1 1 1
289 1 2 2 2
290 1 1 1 1
291 2 2 1 2
292 2 2 1 2
293 1 2 1 2
294 2 1 2 2
295 2 1 1 1
296 2 1 1 2
297 2 1 2 2
298 1 1 1 2
299 2 1 1 2
300 1 1 1 1
301 1 2 2 2
302 2 2 2 2
303 2 1 2 1
304 1 1 2 1
305 1 1 1 2
306 2 1 1 1
307 1 1 2 1
308 2 2 2 1
309 2 1 1 2
310 1 2 1 2
311 2 2 2 1
312 2 1 2 1
313 2 2 2 2
314 1 2 2 2
315 2 1 2 2
316 1 2 1 1
317 1 2 2 2
318 1 1 1 1
319 2 1 2 2
320 1 1 2 1
321 1 2 1 2
322 2 2 2 2
323 2 1 1 2
324 1 2 2 1
325 1 1 1 1
326 2 2 2 1
327 1 2 2 1
328 2 2 1 2
329 2 1 1 1
330 2 2 1 2
331 1 2 1 2
332 2 1 1 2
333 1 1 1 1
334 2 1 1 1
335 2 1 2 2
336 2 2 2 2
337 1 2 2 2
338 2 2 2 2
339 2 1 2 1
340 1 1 2 2
341 2 2 2 2
342 1 1 1 2
343 2 2 2 2
344 2 1 1 1
345 1 2 1 1
346 1 1 1 1
347 2 1 2 2
348 2 2 2 1
349 1 1 1 1
350 1 1 1 1
351 1 1 1 2
352 2 1 2 2
353 1 1 2 1
354 2 2 2 2
355 1 1 2 2
356 2 1 2 2
357 1 1 1 1
358 2 2 2 2
359 2 1 1 2
360 2 2 2 1
361 1 2 2 1
362 2 2 2 2
363 2 2 2 1
364 1 2 2 1
365 2 2 2 2
366 1 1 1 1
367 2 2 2 2
368 2 1 1 1
369 2 2 1 2
370 2 1 1 2
371 2 2 2 1
372 2 1 1 1
373 2 2 2 2
374 2 1 1 2
375 1 2 1 2
376 2 2 2 2
377 1 1 2 2
378 2 2 1 2
379 2 2 1 2
380 1 1 2 1
381 2 2 2 1
382 2 2 2 2
383 1 2 2 2
384 1 1 1 2
385 1 1 1 1
386 2 1 1 1
387 2 2 2 2
388 2 2 2 2
389 2 2 2 2
390 2 2 2 2
391 2 2 1 1
392 2 1 2 1
393 2 2 1 2
394 2 2 2 2
395 2 2 1 1
396 2 2 1 1
397 2 2 2 2
398 1 1 2 2
399 2 2 2 2
400 1 2 2 2
401 1 1 1 2
402 1 1 1 2
403 1 1 2 1
404 2 2 2 2
405 2 2 1 2
406 2 2 2 2
407 1 1 1 1
408 2 1 1 2
409 2 1 1 2
410 2 1 1 2
411 2 2 2 2
412 2 2 2 2
413 2 2 2 2
414 2 2 2 2
415 1 2 1 1
416 2 2 2 2
417 1 2 1 2
418 2 2 2 2
419 2 2 2 2
420 2 2 2 2
421 1 1 2 1
422 2 2 2 2
423 1 1 1 1
424 2 2 2 2
425 1 2 2 2
426 2 2 2 2
427 1 1 1 1
428 2 2 1 2
429 1 2 2 2
430 1 1 1 1
431 2 2 1 1
432 1 2 1 1
433 2 2 2 2
434 1 2 1 2
435 1 1 1 1
436 2 1 1 1
437 1 1 2 1
438 1 1 1 1
439 1 2 1 1
440 2 2 2 2
441 2 1 1 2
442 1 1 1 1
443 2 2 1 1
444 1 2 2 1
445 2 2 2 2
446 2 1 1 1
447 1 2 2 1
448 1 2 1 1
449 2 2 2 2
450 2 2 2 2
451 2 1 2 2
452 2 1 1 2
453 1 2 1 1
454 1 1 1 1
455 2 2 1 2
456 2 2 2 2
457 2 2 2 2
458 1 2 1 1
459 1 1 2 2
460 1 2 2 1
461 2 2 2 2
462 2 2 2 2
463 1 1 1 1
464 2 1 1 2
465 1 1 2 2
466 2 2 2 1
467 2 2 2 2
468 1 2 1 2
469 1 2 2 1
470 2 2 1 1
471 2 1 1 1
472 2 2 2 2
473 1 1 1 1
474 1 2 1 2
475 2 2 2 2
476 2 2 1 2
477 1 2 2 2
478 1 2 2 2
479 2 1 2 2
480 1 2 2 2
481 2 2 2 2
482 1 1 1 2
483 1 1 2 1
484 2 1 2 2
485 2 2 2 2
486 2 2 2 2
487 2 2 2 2
488 2 2 1 1
489 2 2 2 1
490 2 1 1 1
491 2 2 2 2
492 2 2 2 2
493 1 2 1 1
494 1 1 2 1
495 2 2 2 2
496 2 2 2 2
497 1 1 2 2
498 2 2 1 2
499 2 1 1 2
500 1 2 2 2
501 2 2 2 1
502 2 2 1 1
503 1 1 1 1
504 2 1 1 1
505 2 1 2 1
506 2 2 2 2
507 1 1 2 2
508 2 2 1 1
509 1 2 2 2
510 2 2 2 2
511 1 1 1 1
512 2 2 2 1
513 2 2 2 2
514 1 2 1 1
515 1 1 1 2
516 2 2 2 2
517 2 2 2 2
518 2 2 1 1
519 2 1 1 2
520 1 1 1 1
521 1 2 2 1
522 2 2 2 1
523 1 2 1 1
524 2 1 1 1
525 1 2 2 2
526 1 1 1 1
527 2 1 1 2
528 1 1 2 1
529 1 2 2 2
530 1 1 1 1
531 2 2 2 2
532 2 1 2 2
533 1 1 1 2
534 2 1 2 2
535 2 2 2 1
536 2 2 2 1
537 2 1 1 2
538 2 2 2 2
539 2 2 2 1
540 1 2 1 2
541 1 1 2 1
542 1 1 2 1
543 2 2 2 1
544 1 1 1 1
545 1 1 2 1
546 2 1 1 1
547 2 2 2 2
548 2 2 1 2
549 2 2 2 2
550 2 2 2 2
551 1 1 2 1
552 1 2 2 2
553 2 2 2 2
554 2 1 1 1
555 1 1 1 2
556 2 2 2 2
557 1 1 1 1
558 1 2 1 1
559 1 2 2 1
560 2 2 2 2
561 2 1 2 2
562 2 2 2 2
563 2 2 1 2
564 1 2 1 1
565 1 2 1 2
566 2 2 2 2
567 1 1 1 2
568 1 1 1 1
569 1 2 2 1
570 2 1 2 1
571 2 1 1 1
572 1 1 1 2
573 1 1 1 1
574 2 1 1 1
575 2 2 2 2
576 1 1 1 1
577 2 2 2 2
578 1 1 2 2
579 2 2 1 2
580 1 2 2 2
581 1 2 1 2
582 2 2 2 1
583 1 2 1 1
584 1 2 2 1
585 2 1 1 1
586 2 2 2 2
587 2 2 1 2
588 2 1 1 1
589 2 2 2 2
590 2 2 2 2
591 1 2 2 1
592 1 1 1 1
593 2 2 2 1
594 2 2 1 2
595 1 1 1 1
596 2 2 2 2
597 2 2 2 2
598 2 2 1 1
599 2 2 2 2
600 2 2 2 2
601 1 1 1 2
602 2 2 2 1
603 2 2 2 2
604 2 2 2 2
605 2 2 2 2
606 1 1 2 2
607 1 1 1 1
608 1 1 1 1
609 2 1 2 2
610 1 2 2 1
611 2 2 2 1
612 1 2 2 1
613 1 2 2 2
614 1 2 1 1
615 1 2 1 1
616 2 2 2 1
617 2 1 2 2
618 2 1 1 1
619 2 1 2 2
620 1 2 2 1
621 1 2 1 1
622 1 2 1 2
623 1 2 2 1
624 2 1 2 2
625 2 2 2 1
626 2 2 1 2
627 2 2 2 1
628 1 2 1 1
629 1 2 1 1
630 2 2 2 2
631 2 2 2 1
632 2 2 2 2
633 2 2 1 2
634 2 1 2 2
635 1 2 1 2
636 2 2 2 2
637 2 2 2 2
638 2 1 2 2
639 2 2 1 1
640 1 2 1 2
641 2 2 1 1
642 2 2 2 2
643 2 1 2 2
644 2 2 2 1
645 2 2 2 2
646 2 2 2 2
647 2 1 2 1
648 1 2 1 1
649 1 1 1 2
650 1 1 2 2
651 1 1 1 1
652 1 1 1 1
653 2 2 2 1
654 1 1 1 2
655 2 2 2 2
656 2 1 2 2
657 2 2 1 2
658 2 1 2 2
659 2 2 2 2
660 2 2 2 2
661 2 2 2 1
662 2 2 2 2
663 2 2 2 2
664 2 2 2 2
665 1 1 1 1
666 2 1 2 2
667 1 1 2 1
668 2 2 2 1
669 2 2 2 1
670 2 1 1 1
671 1 2 2 2
