1 1 2 2 1 1
2 1 2 1 2 2
3 2 1 2 2 2
4 2 1 2 2 2
5 2 2 1 2 1
6 1 1 1 1 1
7 1 2 2 2 2
8 2 2 2 2 2
9 2 2 1 2 2
10 1 1 1 2 2
11 2 2 2 2 2
12 1 2 2 1 1
13 1 1 1 1 1
14 1 2 2 2 2
15 2 2 1 1 2
16 2 2 2 2 2
17 1 1 1 1 1
18 2 2 1 1 2
19 2 1 2 1 1
20 2 2 2 2 1
21 1 1 1 1 1
22 2 2 2 2 2
23 2 2 2 2 2
24 2 2 2 2 1
25 2 1 1 2 1
26 2 2 2 2 2
27 2 2 1 2 2
28 2 2 2 1 1
29 2 2 2 1 1
30 1 2 1 2 1
31 1 2 1 1 1
32 2 1 2 2 1
33 2 1 1 2 1
34 2 2 2 2 2
35 1 2 1 2 2
36 2 2 2 2 1
37 2 1 1 1 1
38 1 1 2 2 2
39 2 1 2 1 2
40 1 2 1 1 1
41 2 2 2 2 1
42 2 2 2 2 2
43 1 2 2 2 2
44 2 1 1 1 1
45 1 1 1 1 1
46 2 2 2 2 1
47 1 1 1 1 1
48 2 2 1 1 1
49 1 2 2 1 1
50 2 1 2 2 2
51 1 1 2 2 1
52 2 1 2 1 1
53 1 1 1 1 1
54 1 2 1 2 2
55 2 2 1 2 1
56 1 2 2 2 2
57 2 1 2 1 2
58 2 2 2 1 2
59 2 1 2 2 1
60 1 2 2 1 2
61 2 2 1 2 2
62 2 2 2 2 2
63 2 2 2 2 2
64 2 2 2 2 2
65 2 1 2 1 1
66 1 2 1 2 2
67 2 1 1 1 1
68 2 2 2 2 2
69 2 2 2 2 2
70 1 2 2 2 2
71 2 2 1 2 2
72 2 1 1 1 1
73 2 2 2 2 2
74 2 2 2 1 2
75 2 2 2 2 2
76 2 1 1 2 1
77 1 2 2 1 2
78 2 2 2 2 2
79 1 1 1 1 1
80 2 2 2 1 2
81 2 2 1 2 1
82 2 2 1 2 1
83 2 1 2 1 2
84 1 1 2 1 1
85 1 2 2 2 2
86 1 1 1 1 1
87 1 2 2 2 1
88 2 1 2 1 2
89 2 1 1 1 2
90 1 1 1 2 2
91 1 2 2 1 1
92 2 2 2 2 2
93 2 2 2 2 2
94 2 1 2 1 1
95 2 1 1 2 2
96 1 1 1 2 2
97 1 1 1 1 1
98 2 1 1 2 2
99 1 2 1 2 2
100 1 2 2 1 2
101 1 1 2 1 1
102 1 2 2 2 1
103 1 1 1 1 1
104 2 2 2 1 1
105 2 2 2 2 2
106 2 2 2 2 2
107 1 2 1 2 2
108 2 2 1 1 2
109 1 1 1 1 1
110 2 2 1 2 2
111 1 2 2 2 2
