1 1 1 1 1 1
2 2 1 2 1 2
3 1 2 1 2 2
4 1 1 2 2 1
5 2 1 1 2 2
6 2 1 2 2 1
7 1 1 2 2 1
8 1 1 2 2 2
9 1 2 1 1 1
10 2 2 2 1 2
11 2 2 2 1 2
12 2 2 1 1 2
13 1 2 2 1 2
14 2 2 2 1 2
15 1 1 1 2 1
16 2 1 1 2 1
17 2 2 2 2 2
18 2 1 2 2 2
19 2 2 1 2 2
20 2 2 2 2 2
21 2 2 2 2 2
22 1 1 2 2 2
23 2 2 2 2 2
24 2 2 2 2 2
25 2 1 2 1 2
26 1 2 2 1 2
27 2 1 2 2 2
28 2 2 1 1 1
29 2 1 2 2 1
30 2 2 2 2 2
31 2 2 1 2 1
32 2 1 2 1 2
33 2 1 2 2 2
34 1 2 2 2 2
35 2 2 2 2 2
36 2 1 1 2 2
37 2 2 1 1 2
38 1 1 1 2 2
39 1 1 1 2 2
40 2 2 2 2 2
41 1 1 2 1 2
42 1 2 1 1 2
43 1 1 2 1 1
44 1 2 1 1 2
45 2 2 2 2 2
46 2 2 1 2 2
47 1 2 2 2 1
48 2 1 2 1 1
49 2 2 2 1 1
50 1 1 2 2 1
51 2 1 1 1 1
52 2 1 1 1 2
53 2 2 2 2 1
54 2 1 2 2 1
55 2 1 1 2 2
56 2 1 1 1 1
57 1 1 1 1 1
58 2 2 2 2 2
59 2 1 2 2 2
60 2 2 2 2 1
61 2 1 1 1 1
62 2 1 2 2 2
63 1 2 2 1 2
64 2 2 2 2 2
65 1 2 2 1 2
66 2 1 1 1 2
67 2 1 2 2 2
68 2 1 2 2 1
69 2 1 1 1 1
70 2 2 2 2 2
71 2 1 1 1 2
72 2 2 2 1 2
73 2 2 2 2 1
74 2 1 1 1 2
75 1 2 2 1 1
76 2 2 1 2 2
77 1 2 2 1 2
78 2 1 2 2 2
79 1 2 2 1 1
80 2 1 2 1 1
81 2 1 1 1 1
82 2 1 2 2 2
83 1 1 2 2 2
84 1 2 2 2 1
85 2 1 2 1 2
86 1 1 2 2 1
87 1 2 2 2 2
88 2 2 2 1 2
89 1 1 2 2 2
90 2 2 2 2 2
91 2 1 1 2 1
92 1 2 1 2 2
93 2 1 2 1 2
94 1 1 2 2 1
95 1 2 2 1 2
96 1 2 1 2 1
97 1 1 1 1 1
98 2 2 2 2 1
99 2 2 2 1 2
100 2 2 2 2 2
101 2 2 1 2 2
102 2 1 2 2 2
103 2 1 2 1 1
104 2 2 1 2 2
105 2 2 2 2 1
106 2 2 2 2 1
107 2 2 2 1 2
108 2 1 2 1 1
109 2 1 2 2 1
110 2 2 2 2 2
111 2 2 2 2 2
112 1 2 2 1 2
113 1 2 2 2 2
114 2 2 1 2 1
115 1 1 2 2 1
116 2 2 2 2 2
117 1 2 2 2 2
118 1 2 2 2 2
119 1 2 2 2 1
120 1 2 2 2 2
121 2 2 2 1 1
122 1 2 1 2 1
123 1 2 2 2 2
124 2 2 1 1 2
125 2 2 1 2 2
126 1 1 1 1 2
127 2 1 2 2 2
128 1 1 1 1 1
129 1 2 2 2 2
130 2 2 2 1 2
131 2 2 2 2 2
132 2 2 2 2 2
133 1 1 1 1 1
134 2 2 2 2 2
135 1 2 1 2 2
136 1 1 2 2 1
137 1 1 2 2 1
138 1 2 2 1 1
139 2 2 1 1 1
140 2 1 2 2 2
141 2 2 1 1 2
142 2 2 2 2 2
143 1 2 2 2 2
144 1 1 2 2 2
145 1 2 1 1 2
146 1 1 2 2 2
147 1 2 2 2 2
148 2 2 2 2 2
149 2 2 2 2 1
150 1 2 2 2 2
151 2 1 2 2 1
152 1 1 2 1 2
153 1 1 1 1 1
154 1 2 1 1 1
155 2 1 1 2 2
156 2 1 2 1 2
157 2 2 2 1 1
158 2 1 2 1 1
159 2 1 2 2 2
160 2 2 1 2 2
161 2 1 2 1 1
162 1 1 2 2 2
163 2 2 1 1 1
164 1 2 2 1 2
165 2 2 2 2 2
166 1 1 2 2 1
167 2 2 1 2 1
168 2 1 1 2 2
169 2 1 2 2 1
170 2 1 2 2 1
171 2 2 1 1 1
172 1 1 1 1 1
173 2 2 2 2 1
174 1 2 2 1 1
175 1 2 2 1 1
176 2 2 2 2 2
177 2 2 2 2 2
178 1 2 1 1 1
179 2 1 1 1 2
180 2 2 2 2 2
181 2 2 1 1 1
182 2 2 1 2 1
183 2 1 2 2 1
184 2 1 1 1 1
185 1 2 2 2 2
186 1 2 2 2 1
187 2 1 1 2 2
188 1 2 2 2 2
189 2 2 2 2 2
190 1 1 1 1 1
191 1 2 1 1 1
192 2 2 2 2 1
193 1 2 2 2 1
194 2 1 1 2 2
195 1 1 1 1 1
196 2 2 2 1 2
197 1 2 2 2 2
198 2 2 2 2 2
199 1 2 1 2 2
200 2 1 2 1 1
201 1 1 1 2 2
202 1 1 2 2 2
203 1 2 2 2 2
204 1 1 1 1 1
205 2 2 2 2 2
206 2 2 2 1 1
207 2 2 1 1 1
208 2 2 2 2 2
209 1 2 2 2 2
210 1 2 2 1 1
211 1 1 1 1 1
212 2 1 2 2 1
213 1 2 1 1 1
214 1 1 1 1 1
215 2 2 2 2 2
216 1 1 2 2 2
217 2 2 1 2 2
218 2 1 1 2 2
219 1 2 1 1 1
220 2 2 2 2 1
221 2 2 2 1 2
222 2 2 2 2 2
223 2 1 2 2 2
224 2 2 2 2 1
225 2 2 2 1 2
226 1 2 2 2 1
227 2 2 1 1 2
228 1 1 2 1 2
229 1 2 2 2 2
230 1 2 2 1 2
231 2 1 2 2 2
232 2 2 1 2 2
233 2 2 2 1 2
234 2 2 1 1 2
235 1 2 2 1 2
236 1 2 2 2 1
237 1 2 1 1 2
238 1 2 2 2 2
239 2 2 2 2 2
240 2 1 1 2 2
241 1 2 1 1 2
242 1 2 1 2 2
243 1 1 2 2 2
244 1 1 1 2 2
245 2 2 2 2 2
246 2 2 2 2 2
247 1 1 2 2 2
248 2 2 2 1 2
249 2 2 2 2 2
250 2 2 1 2 1
251 2 2 2 2 2
252 2 1 1 2 2
253 1 1 1 1 1
254 2 1 2 2 2
255 1 2 1 2 2
256 1 2 2 2 2
257 1 1 1 2 1
258 2 2 2 1 1
259 2 1 2 2 1
260 2 1 2 1 2
261 2 2 1 2 2
262 2 2 2 2 2
263 2 1 1 2 2
264 2 1 2 1 1
265 2 2 2 2 2
266 1 1 1 1 1
267 2 1 1 1 1
268 2 2 1 1 2
269 1 2 2 2 2
270 2 2 1 1 1
271 2 2 1 1 2
272 2 1 2 2 1
273 2 1 1 1 1
274 2 2 1 2 2
275 2 2 2 2 1
276 2 2 2 2 1
277 2 2 2 2 2
278 1 1 1 1 1
279 1 2 2 2 2
280 1 1 1 1 1
281 1 1 2 1 1
282 1 1 2 2 1
283 2 2 2 1 2
284 2 2 2 2 1
285 2 2 2 2 1
286 2 2 2 1 1
287 2 2 2 1 1
288 1 2 2 2 2
289 1 1 2 1 2
290 2 1 2 2 2
291 1 2 2 2 1
292 1 2 1 1 2
293 2 1 1 1 2
294 2 2 2 2 2
295 1 1 2 2 2
296 2 1 1 1 2
297 1 1 1 2 1
298 1 2 2 2 1
299 1 1 2 2 1
300 2 2 2 1 2
301 2 2 2 2 2
302 2 2 2 2 1
303 1 1 1 2 2
304 2 2 2 2 2
305 1 1 2 1 2
306 2 2 2 2 1
307 2 1 2 2 2
308 2 2 2 2 2
309 2 2 2 1 2
310 1 1 1 2 1
311 1 1 1 1 1
312 2 2 1 2 2
313 2 1 2 2 2
314 2 2 2 1 1
315 1 2 1 2 1
316 2 1 1 1 2
317 2 2 2 2 2
318 2 2 2 2 2
319 2 2 1 2 2
320 2 2 1 2 2
321 1 1 1 1 1
322 1 2 2 1 2
323 2 2 2 1 2
324 2 2 2 2 1
325 2 2 1 2 2
326 2 2 1 2 1
327 2 2 2 2 2
328 1 2 2 2 1
329 2 1 2 2 2
330 2 2 2 2 2
331 2 1 2 1 1
332 2 2 1 2 2
333 2 2 2 2 2
334 1 1 2 2 2
335 1 2 1 2 2
336 1 2 1 1 2
337 2 2 2 2 1
338 2 2 2 2 2
339 2 2 2 1 2
340 1 1 1 1 1
341 1 1 1 1 1
342 2 2 1 2 2
343 2 2 2 1 2
344 1 1 1 1 2
345 1 1 1 1 1
346 2 1 2 1 2
347 2 2 2 1 2
348 1 2 2 2 2
349 2 1 1 1 2
350 1 2 2 1 2
351 2 2 1 1 1
352 1 2 2 2 1
353 1 1 1 2 1
354 1 1 2 2 2
355 2 1 2 2 1
356 1 1 1 1 1
357 2 2 2 1 1
358 1 1 1 1 1
359 2 2 2 1 2
360 2 2 1 1 1
361 2 2 2 2 2
362 1 1 1 1 1
363 2 2 2 2 2
364 2 1 1 2 1
365 1 1 2 2 2
366 1 2 2 1 2
367 2 2 2 2 2
368 2 2 2 1 2
369 1 2 2 2 2
370 1 1 2 1 1
371 1 1 2 1 2
372 1 2 2 2 1
373 2 1 2 2 2
374 2 1 2 2 2
375 2 2 2 2 2
376 2 1 2 2 1
377 2 2 2 1 2
378 2 1 2 2 2
379 2 1 2 2 2
380 2 2 2 1 1
381 1 2 2 1 1
382 1 2 2 1 2
383 2 1 2 2 2
384 1 1 1 2 1
385 2 2 2 1 2
386 2 2 2 2 2
387 1 2 2 2 2
388 1 2 1 1 2
389 1 1 2 2 1
390 1 2 2 1 2
391 1 2 2 1 2
392 1 2 2 2 2
393 1 1 1 2 1
394 2 2 1 1 2
395 1 2 1 2 2
396 1 2 1 2 2
397 2 2 2 1 2
398 2 2 2 1 2
399 2 2 2 2 2
400 1 1 1 1 1
401 2 2 1 1 1
402 2 2 2 1 2
403 1 2 2 1 2
404 2 2 2 1 1
405 1 2 2 2 1
406 1 2 2 2 2
407 2 2 1 2 1
408 2 2 2 2 2
409 1 2 2 1 2
410 2 2 1 1 2
411 2 1 2 1 1
412 1 1 2 2 1
413 2 1 1 1 2
414 2 1 2 2 2
415 2 1 2 1 1
416 2 2 2 1 2
417 2 1 1 2 2
418 2 2 2 2 2
419 1 2 2 2 2
420 2 1 2 1 2
421 1 2 2 1 1
422 2 1 2 1 2
423 1 1 1 2 1
424 2 1 2 1 2
425 2 1 2 1 1
426 2 1 1 2 2
427 1 1 1 1 1
428 1 2 2 1 1
429 2 2 1 2 2
430 2 1 2 1 2
431 1 2 2 1 2
432 2 2 2 2 2
433 1 2 2 1 2
434 1 2 2 2 2
435 1 2 2 2 2
436 1 2 1 2 1
437 1 2 2 2 2
438 2 2 2 2 2
439 2 1 2 2 2
440 2 2 2 2 2
441 2 2 2 2 1
442 1 1 1 2 1
443 2 2 2 1 1
444 2 2 2 1 1
445 2 1 2 2 1
446 2 2 1 1 2
447 1 1 1 1 2
448 2 2 2 1 1
449 2 2 2 2 2
450 1 2 2 2 2
451 2 2 2 2 2
452 2 1 2 2 2
453 2 2 2 2 2
454 1 1 1 1 2
455 2 2 1 1 2
456 1 1 2 2 2
457 2 1 2 1 1
458 2 2 2 2 2
459 2 1 2 2 2
460 1 2 2 2 2
461 2 1 2 2 1
462 1 2 2 2 2
463 2 2 2 1 2
464 1 1 1 1 2
465 2 2 1 2 2
466 2 2 2 2 2
467 2 2 1 1 2
468 1 1 2 1 2
469 2 2 2 2 2
470 2 1 1 1 2
471 1 1 2 2 1
472 2 1 2 2 2
473 2 2 2 1 2
474 2 2 2 2 2
475 1 2 2 2 2
476 2 1 2 2 1
477 2 1 1 1 1
478 2 2 2 2 2
479 1 2 2 2 1
480 1 1 1 1 1
481 1 2 2 1 2
482 1 2 2 1 1
483 2 1 2 2 1
484 2 1 2 2 1
485 1 2 2 2 2
486 1 2 1 2 1
487 2 1 1 2 2
488 2 1 1 2 2
489 1 1 1 1 2
490 1 2 2 1 2
491 1 1 2 2 1
492 2 2 2 2 2
493 2 2 2 1 1
494 2 2 2 2 2
495 2 2 2 2 2
496 2 2 2 2 2
497 2 1 1 1 2
498 2 2 2 1 1
499 1 2 2 1 2
500 1 1 1 2 1
501 2 2 1 2 1
502 2 2 2 2 2
503 2 2 2 1 2
504 2 2 2 2 2
505 1 2 2 2 2
506 1 1 2 2 2
507 2 2 2 2 2
508 1 2 2 1 1
509 1 2 2 1 2
510 2 2 2 2 2
511 1 2 2 2 2
512 2 1 2 2 1
513 1 1 1 2 2
514 2 2 1 2 2
515 2 2 2 2 2
516 2 2 1 1 2
517 1 2 2 2 1
518 1 2 1 1 1
519 2 2 2 2 2
520 2 2 2 2 1
521 1 2 2 2 2
522 1 2 2 1 2
523 1 1 1 2 2
524 2 2 1 1 1
525 2 2 1 2 2
526 2 1 2 1 2
527 2 1 2 1 1
528 1 1 2 1 2
529 2 1 1 1 2
530 2 2 2 2 2
531 1 1 1 2 2
532 1 1 1 2 1
533 1 2 2 1 1
534 2 2 2 1 1
535 2 2 1 2 1
536 2 1 2 1 2
537 1 1 2 1 2
538 1 1 1 1 1
539 2 1 2 1 2
540 2 2 2 2 2
541 2 2 2 2 1
542 2 2 2 1 1
543 2 2 2 2 2
544 2 1 2 2 2
545 2 1 2 2 2
546 2 2 2 2 2
547 2 2 2 1 2
548 2 1 1 1 2
549 2 1 2 2 1
550 2 2 1 2 2
551 2 2 2 1 2
552 1 1 2 1 1
553 2 1 2 1 1
554 1 2 2 2 2
555 1 2 2 2 1
556 1 2 2 1 1
557 2 1 2 2 2
558 1 1 2 1 2
559 2 1 2 2 2
560 2 2 2 1 2
561 2 2 2 2 2
562 1 1 2 2 2
563 1 1 1 1 2
564 1 1 1 1 1
565 1 2 2 1 1
566 2 1 2 2 2
567 2 1 2 2 2
568 2 2 1 2 2
569 1 2 2 2 2
570 2 2 2 2 2
571 2 1 2 2 2
572 2 1 1 2 2
573 1 2 2 2 2
574 2 1 2 2 2
575 2 2 1 2 2
576 2 2 2 2 2
577 2 2 1 2 2
578 1 2 2 1 2
579 2 2 2 2 2
580 1 2 2 2 2
581 2 2 2 2 2
582 2 2 2 2 2
