1 1 2 1 1 1
2 2 2 2 2 1
3 1 2 1 1 2
4 1 1 2 2 2
5 2 2 2 2 2
6 2 2 1 2 2
7 1 2 2 2 2
8 2 2 2 1 2
9 1 1 1 1 1
10 2 2 1 2 2
11 2 2 2 2 1
12 2 2 1 2 2
13 2 2 1 2 1
14 2 2 1 2 2
15 2 2 1 2 2
16 2 2 1 2 2
17 2 2 2 2 1
18 1 2 2 2 2
19 2 2 1 2 1
20 2 2 1 2 2
21 2 2 2 2 1
22 2 2 2 2 2
23 2 2 2 1 2
24 2 2 2 2 2
25 1 1 1 2 1
26 1 1 1 2 1
27 2 2 1 1 2
28 2 1 1 2 1
29 2 2 2 2 2
30 1 1 1 1 1
31 1 2 2 2 2
32 2 2 1 2 2
33 2 2 1 2 2
34 2 2 2 1 2
35 1 1 1 1 1
36 1 1 1 1 1
37 2 2 1 2 2
38 2 2 2 2 2
39 2 2 2 2 2
40 1 2 2 2 2
41 2 2 2 1 2
42 2 2 2 1 2
43 1 1 2 1 1
44 2 2 2 1 1
45 2 2 2 2 2
46 2 1 1 2 2
47 1 2 1 1 2
48 2 2 2 2 1
49 1 1 2 1 1
50 2 2 2 2 2
51 1 1 2 2 1
52 1 1 1 1 2
53 2 1 2 1 2
54 2 1 1 1 1
55 1 1 1 2 2
56 2 2 2 2 2
57 1 2 1 2 2
58 1 1 2 1 1
59 2 2 1 2 2
60 1 2 1 2 2
61 1 2 1 2 2
62 2 2 1 2 2
63 2 2 2 2 2
64 2 1 2 2 2
65 1 2 2 1 1
66 1 2 2 2 2
67 2 1 2 2 2
68 1 1 2 2 1
69 2 2 1 1 2
70 1 1 2 2 2
71 1 2 2 2 2
72 1 1 1 1 1
73 1 2 2 2 1
74 2 2 2 2 2
75 1 2 1 1 2
76 2 2 2 2 2
77 2 2 2 2 1
78 2 2 2 2 1
79 2 2 2 2 1
80 2 2 1 1 2
81 2 1 1 1 2
82 1 1 1 1 1
83 1 1 1 2 1
84 1 1 1 2 1
85 2 2 1 1 2
86 1 2 2 1 1
87 2 2 2 1 2
88 2 2 2 2 2
89 2 1 1 2 2
90 1 1 1 2 2
91 2 2 2 2 1
92 1 1 2 1 2
93 2 2 1 2 2
94 2 2 2 2 2
95 1 1 1 1 1
96 2 2 2 2 2
97 2 2 2 2 2
98 1 1 1 1 1
99 2 2 2 2 2
100 2 1 2 1 2
101 2 2 2 2 2
102 1 1 1 2 1
103 1 1 1 2 1
104 1 1 1 1 2
105 2 2 1 2 2
106 2 1 2 1 2
107 1 1 2 2 1
108 2 2 2 2 2
109 2 2 2 2 1
110 2 2 2 1 2
111 1 1 1 1 1
112 1 1 1 2 2
113 2 2 2 2 2
114 2 2 2 2 2
115 1 1 2 1 1
116 1 1 1 1 1
117 1 2 2 1 2
118 2 2 2 1 1
119 1 2 2 1 2
120 2 2 2 1 2
121 2 1 2 2 2
122 2 2 2 1 1
123 2 2 2 2 2
124 2 2 1 2 2
125 2 2 2 2 2
126 1 2 2 2 2
127 2 2 2 2 2
128 1 2 1 1 1
129 2 2 1 2 2
130 2 1 2 1 1
131 2 2 2 2 2
132 1 2 1 2 2
133 2 1 2 1 2
134 2 2 2 2 1
135 2 2 2 2 2
136 2 1 2 2 2
137 2 2 2 2 2
138 2 2 1 2 2
139 1 1 1 2 1
140 2 2 2 2 2
141 1 1 2 2 1
142 2 2 2 2 2
143 2 2 1 1 2
144 2 1 1 2 2
145 2 2 2 2 2
146 2 2 2 2 2
147 1 1 1 1 1
148 2 2 2 2 1
149 2 2 2 2 2
150 1 1 1 2 1
151 2 2 2 1 2
152 1 1 1 1 1
153 2 2 2 2 2
154 2 2 2 2 1
155 1 2 1 2 2
156 1 2 2 2 2
157 2 2 1 2 2
158 2 1 2 2 2
159 1 2 2 2 2
160 2 2 1 1 2
161 2 1 2 2 2
162 1 1 1 1 2
163 1 2 2 2 1
164 1 1 1 2 1
165 2 1 1 1 2
166 2 1 1 1 1
167 2 2 2 2 1
168 2 1 1 2 1
169 2 2 2 1 1
170 1 2 1 2 1
171 2 2 1 2 2
172 1 2 1 2 2
173 1 2 1 1 1
174 2 2 1 2 2
175 1 1 2 2 2
176 1 1 1 1 1
177 1 1 1 2 1
178 2 1 2 2 1
179 2 1 2 2 1
180 2 2 2 2 2
181 2 2 2 2 2
182 1 1 2 1 1
183 2 2 2 1 2
184 2 2 1 1 2
185 2 1 1 2 2
186 1 2 2 2 2
187 2 2 2 2 2
188 2 2 2 2 2
189 2 2 2 2 2
190 2 2 2 1 1
191 2 2 2 2 2
192 2 2 2 2 2
193 1 1 2 2 2
194 1 2 2 2 1
195 2 2 2 2 2
196 2 2 1 2 2
197 2 2 2 2 2
198 1 1 2 2 1
199 2 1 2 1 2
200 2 2 2 2 2
201 1 2 1 2 2
202 2 2 2 2 2
203 2 2 1 2 1
204 2 2 2 2 2
205 1 2 2 1 2
206 2 2 2 2 2
207 2 2 2 2 2
208 1 1 1 1 1
209 1 1 1 1 1
210 2 2 1 1 1
211 1 2 1 2 2
212 2 2 2 2 2
213 2 2 2 2 2
214 1 1 2 1 1
215 1 1 2 2 2
216 1 2 1 2 1
217 1 2 2 1 1
218 1 1 2 1 1
219 2 2 2 2 2
220 2 1 2 2 2
221 2 1 1 2 1
222 1 1 2 2 2
223 2 2 2 2 2
224 1 1 2 2 1
225 2 1 1 1 1
226 2 1 1 2 1
227 1 1 1 1 1
228 2 1 2 1 2
229 2 2 2 2 2
230 2 2 2 2 2
231 2 1 1 2 1
232 2 2 2 2 1
233 1 2 2 2 2
234 2 2 2 2 2
235 2 1 2 2 1
236 1 1 1 2 2
237 2 2 2 1 1
238 2 1 1 2 1
239 1 2 2 2 1
240 2 1 2 1 1
241 2 2 2 1 1
242 2 1 2 2 2
243 2 2 1 2 2
244 2 2 2 2 2
245 2 2 1 2 2
246 2 2 1 2 2
247 1 1 1 2 1
248 2 2 2 2 2
249 2 2 1 2 2
250 1 2 1 1 1
251 2 2 2 1 1
252 2 2 2 2 2
253 2 2 2 1 2
254 2 2 2 2 2
255 2 1 2 2 2
256 2 2 2 1 2
257 2 1 1 1 1
258 2 2 1 2 1
259 1 2 2 2 2
260 2 2 1 2 2
261 2 2 1 1 2
262 2 2 2 2 2
263 2 2 2 2 1
264 2 2 2 1 1
265 2 2 2 2 2
266 1 2 1 2 2
267 1 1 1 1 1
268 1 1 1 2 1
269 2 1 1 2 2
270 1 2 2 2 2
271 2 2 2 2 2
272 2 2 1 2 1
273 1 1 1 2 1
274 2 2 2 1 2
275 2 2 2 2 2
276 2 1 1 1 1
277 2 1 2 2 1
278 2 1 1 2 2
279 2 1 1 1 2
280 2 2 2 2 2
281 1 2 2 2 2
282 2 2 2 2 2
283 2 2 2 2 2
284 2 1 1 2 1
285 2 2 1 2 2
286 1 1 1 1 1
287 2 2 2 2 2
288 2 1 1 1 1
289 1 2 1 1 1
290 1 2 2 2 2
291 2 1 1 2 1
292 1 2 1 2 2
293 1 1 1 2 2
294 1 2 2 2 1
295 2 2 2 2 2
296 1 1 1 1 2
297 2 2 2 2 2
298 2 2 2 2 1
299 2 1 2 2 2
300 1 1 1 1 1
301 1 1 1 1 2
302 2 2 1 1 2
303 1 1 2 1 2
304 1 1 2 1 1
305 2 2 1 2 2
306 2 2 2 2 2
307 2 2 2 1 1
308 1 1 2 1 1
309 2 2 1 1 2
310 2 2 1 2 1
311 2 2 2 2 2
312 1 2 2 2 2
313 2 2 2 2 2
314 2 1 2 2 2
315 2 1 2 2 2
316 2 2 1 2 2
317 1 2 2 2 2
318 2 2 2 2 1
319 2 2 1 2 2
320 2 2 2 2 2
321 2 2 2 2 1
322 2 2 1 2 2
323 1 1 1 1 1
324 1 2 2 2 2
325 1 2 2 2 1
326 1 2 2 1 2
327 1 1 2 2 1
328 1 1 1 1 2
329 2 1 1 1 1
330 2 2 2 2 2
331 1 1 1 2 1
332 2 1 2 2 2
333 2 2 2 2 1
334 2 1 2 1 2
335 2 1 2 1 1
336 2 2 2 2 2
337 2 2 2 2 2
338 2 2 2 2 1
339 2 2 2 2 2
340 2 2 1 2 2
341 2 2 1 2 2
342 2 2 1 2 2
343 2 2 2 2 1
344 1 2 2 2 1
345 2 2 2 2 2
346 1 1 1 1 1
347 2 2 2 2 2
348 2 2 2 2 2
349 2 2 1 2 2
350 1 2 1 2 2
351 1 2 1 2 1
352 2 2 2 2 2
