1 1 1 1 1 2
2 2 1 1 2 2
3 1 2 1 1 1
4 1 1 1 1 1
5 1 2 2 1 2
6 2 2 1 2 2
7 2 1 1 2 2
8 2 1 2 2 2
9 1 1 1 1 2
10 2 1 1 1 2
11 2 1 2 1 2
12 1 1 2 2 1
13 1 1 2 1 1
14 2 1 1 1 1
15 2 2 1 2 1
16 2 2 1 2 2
17 1 1 1 1 2
18 1 1 1 1 1
19 1 1 2 1 1
20 2 1 1 1 1
21 1 1 2 2 1
22 1 1 1 2 2
23 2 2 2 2 2
24 2 1 1 2 2
25 1 1 2 2 1
26 2 1 2 1 2
27 2 1 1 1 2
28 2 1 2 1 1
29 2 1 1 2 1
30 1 2 1 2 2
31 2 2 2 2 2
32 1 2 2 1 1
33 1 2 2 2 2
34 2 2 2 2 1
35 1 2 1 1 2
36 1 2 2 2 1
37 1 1 2 2 2
38 2 1 2 2 1
39 2 1 2 2 2
40 2 2 1 2 2
41 2 1 2 2 1
42 1 1 1 2 1
43 2 1 2 2 1
44 2 1 2 1 1
45 1 1 1 2 1
46 1 1 1 1 1
47 2 2 1 2 2
48 1 1 1 2 1
49 2 2 2 2 2
50 2 2 2 2 2
51 1 2 2 2 1
52 1 2 2 1 1
53 2 1 1 1 1
54 1 1 1 1 2
55 2 1 2 1 1
56 2 1 2 2 2
57 2 1 2 1 1
58 2 2 2 2 2
59 1 1 1 2 1
60 2 1 2 1 2
61 2 2 2 1 2
62 1 1 1 1 1
63 1 1 1 2 2
64 1 1 1 1 1
65 2 1 2 2 1
66 2 2 1 2 1
67 2 2 2 2 1
68 2 2 1 1 2
69 1 2 2 2 1
70 1 1 2 1 1
71 2 2 2 2 2
72 2 1 2 1 2
73 2 1 2 2 2
74 2 1 2 1 2
75 1 2 2 2 1
76 2 1 1 1 1
77 2 1 2 1 2
78 2 1 1 1 1
79 1 1 1 1 1
80 2 1 2 2 2
81 2 1 2 1 1
82 2 2 1 2 2
83 1 1 1 2 1
84 1 1 2 1 1
85 1 1 2 1 1
86 2 1 2 1 2
87 1 1 2 1 1
88 2 1 2 2 1
89 2 1 1 2 2
90 1 2 2 2 1
91 2 2 1 1 1
92 1 2 2 2 1
93 1 1 1 2 1
94 1 2 1 1 1
95 1 2 1 1 2
96 1 2 1 2 2
97 1 1 2 1 1
98 1 1 1 2 1
99 1 2 1 1 1
100 1 2 2 2 2
101 2 2 2 1 1
102 2 1 2 2 2
103 1 2 1 1 1
104 2 1 2 1 1
105 2 2 1 1 1
106 1 1 1 2 2
107 2 1 2 2 2
108 2 2 1 1 2
109 1 2 1 1 2
110 2 1 2 1 1
111 2 1 2 1 1
112 2 1 1 1 1
113 1 1 2 2 1
114 2 2 2 1 1
115 2 1 1 1 1
116 2 1 1 1 1
117 1 2 2 2 1
118 1 1 2 1 1
119 1 2 1 1 1
120 1 1 2 1 2
121 2 2 1 2 1
122 2 1 1 2 2
123 1 1 2 1 2
124 2 1 2 1 2
125 2 2 2 2 2
126 1 2 1 1 1
127 1 1 2 2 2
128 1 1 2 2 1
129 1 2 2 1 1
130 2 1 2 2 2
131 2 1 1 1 1
132 2 1 2 2 2
133 1 2 1 1 1
134 1 1 2 2 2
135 2 1 2 2 2
136 2 2 2 2 2
137 1 1 2 2 2
138 2 1 2 1 1
139 2 1 2 2 2
140 1 1 2 1 2
141 2 2 2 1 1
142 1 2 1 1 2
143 1 1 1 1 1
144 2 2 1 2 1
145 1 1 1 1 1
146 2 1 1 2 1
147 1 1 1 1 1
148 1 2 2 2 1
149 1 1 2 1 2
150 1 1 1 2 1
151 1 2 2 1 1
152 1 1 1 1 1
153 2 1 1 2 2
154 1 1 1 1 1
155 1 1 2 2 2
156 2 1 2 2 1
157 1 1 2 2 2
158 1 1 1 1 1
159 2 1 2 2 2
160 2 2 2 2 2
161 1 1 2 2 1
162 1 2 2 1 1
163 1 1 1 1 1
164 2 2 2 1 1
165 2 1 1 2 1
166 2 1 1 2 1
167 1 1 1 1 1
168 1 1 1 1 1
169 2 2 2 1 2
170 2 1 2 2 2
171 1 2 1 1 2
172 1 1 1 1 2
173 1 2 1 2 2
174 2 2 1 2 2
175 1 1 1 2 1
176 1 2 2 2 2
177 2 1 2 2 2
178 2 2 1 1 2
179 2 2 2 1 2
180 2 1 1 1 1
181 1 1 2 2 2
182 2 1 2 1 1
183 1 1 1 1 1
184 1 2 2 2 1
185 2 1 1 1 1
186 1 2 1 2 1
187 2 1 2 2 2
188 1 1 2 1 1
189 1 1 1 1 1
190 1 1 2 1 1
191 2 1 1 1 1
192 1 1 2 1 1
193 1 1 1 2 2
194 2 1 2 2 2
195 2 2 2 2 1
196 2 1 1 2 1
197 1 1 1 1 1
198 2 2 2 2 1
199 1 1 2 2 1
200 2 1 2 2 2
201 1 1 1 1 1
202 1 2 1 1 1
203 1 1 1 1 1
204 1 1 1 1 1
205 1 1 2 2 1
206 2 1 2 2 2
207 1 1 1 1 1
208 1 2 2 1 2
209 1 1 1 2 1
210 2 2 1 1 1
211 2 1 2 1 1
212 2 1 2 1 2
213 1 2 2 2 1
214 2 2 2 2 2
215 1 1 1 2 1
216 1 1 1 1 1
217 1 1 1 1 1
218 2 1 2 1 2
219 2 1 1 2 1
220 1 1 2 1 2
221 1 1 2 1 1
222 1 1 2 2 1
223 1 1 2 2 2
224 1 2 2 2 1
225 1 1 2 1 1
226 1 2 2 1 1
227 1 1 1 1 2
228 2 2 2 1 1
229 1 2 2 2 1
230 1 1 1 1 1
231 2 2 2 1 2
232 2 1 1 1 1
233 2 1 2 1 2
234 2 2 2 1 1
235 1 1 1 1 1
236 1 1 1 1 2
237 2 1 2 1 1
238 2 1 2 2 2
239 2 2 2 2 1
240 1 1 2 1 1
241 2 2 1 2 2
242 2 1 2 2 1
243 1 2 1 2 1
244 1 1 2 2 2
245 1 1 2 1 1
246 1 2 1 1 1
247 2 1 2 2 1
248 1 1 2 2 1
249 1 1 2 2 1
250 2 1 2 1 2
251 1 1 2 2 2
252 2 1 2 1 1
253 1 2 2 1 1
254 2 1 2 1 1
255 2 1 1 2 2
256 2 1 2 2 2
257 1 1 2 2 1
258 2 1 2 2 2
259 2 1 2 1 1
260 2 1 2 1 1
261 1 1 1 1 1
262 2 1 1 1 1
263 2 1 1 2 2
264 2 2 1 2 1
265 1 1 2 2 2
266 2 2 2 1 1
267 2 1 2 2 1
268 2 1 1 1 2
269 2 1 1 1 2
270 1 1 2 2 2
271 2 1 2 1 1
272 2 1 2 2 2
273 1 1 1 1 2
274 2 1 1 2 1
275 1 1 1 1 1
276 2 2 1 1 1
277 2 1 2 1 2
278 1 2 2 1 1
279 2 2 2 2 1
280 2 1 1 1 2
281 2 1 1 1 2
282 1 2 2 1 1
283 1 1 2 2 1
284 1 1 1 1 1
285 2 1 1 1 2
286 2 2 2 2 2
287 2 1 1 1 1
288 1 1 2 1 2
289 1 2 1 1 1
290 1 1 1 1 1
291 1 1 2 1 1
292 1 1 2 2 2
293 2 1 2 1 1
294 1 1 1 1 1
295 2 1 2 2 2
296 1 1 1 2 1
297 1 2 1 2 1
298 2 1 2 1 1
299 2 1 2 2 2
300 2 1 2 2 2
301 1 1 2 1 1
302 1 1 2 2 2
303 1 1 1 1 1
304 2 1 2 1 1
305 2 2 2 2 2
306 2 1 1 1 2
307 2 1 1 1 2
308 1 1 1 2 2
309 1 1 2 2 1
310 2 2 1 2 2
311 2 1 1 1 1
312 1 1 1 1 1
313 2 1 2 1 2
314 1 1 2 1 1
315 1 1 2 2 2
316 2 2 2 2 2
317 2 1 1 1 2
318 1 1 1 2 1
319 2 2 1 2 2
320 1 1 2 2 1
321 2 1 2 2 2
322 2 1 2 1 2
323 2 2 2 2 1
324 2 1 1 1 1
325 2 2 2 1 2
326 2 2 2 2 2
327 2 2 2 1 1
328 2 2 1 2 2
329 1 2 1 2 2
330 2 2 2 1 2
331 1 2 2 2 2
332 1 2 1 1 1
333 2 1 2 1 2
334 1 1 2 1 2
335 2 2 2 1 2
336 1 2 2 2 1
337 2 2 1 2 2
338 2 2 2 2 1
339 1 1 1 1 2
340 2 2 1 1 2
341 2 2 2 2 2
342 2 1 1 1 1
343 1 1 2 1 1
344 2 1 1 1 1
345 2 1 1 2 1
346 2 1 1 2 2
347 2 1 2 1 1
348 2 1 1 1 1
349 1 2 2 2 2
350 1 1 1 2 2
351 2 2 2 2 2
