1 1 2 1 2 2
2 2 2 2 2 2
3 1 1 2 2 2
4 1 2 2 2 2
5 2 2 1 1 2
6 2 2 2 2 2
7 2 2 2 2 2
8 1 1 1 1 1
9 2 2 2 2 2
10 2 1 2 2 1
11 1 1 1 2 1
12 1 2 2 2 2
13 2 2 2 2 2
14 2 2 2 2 2
15 1 2 2 2 2
16 2 1 1 2 2
17 1 2 1 1 2
18 1 1 1 1 2
19 1 2 1 2 1
20 1 2 1 2 1
21 1 1 1 1 2
22 2 2 1 2 2
23 2 2 2 2 2
24 1 1 1 1 1
25 1 1 1 2 2
26 1 1 1 2 1
27 1 1 2 2 2
28 2 2 2 2 2
29 2 1 2 2 1
30 1 2 1 1 1
31 1 1 1 2 2
32 2 1 2 2 2
33 1 1 1 1 1
34 2 1 1 1 1
35 1 1 1 2 2
36 2 2 2 2 1
37 2 2 1 1 1
38 1 2 2 2 2
39 2 1 1 2 2
40 2 2 2 2 2
41 1 1 2 1 1
42 2 2 2 2 2
43 1 2 2 2 1
44 1 1 1 1 1
45 2 1 2 2 1
46 2 2 2 2 2
47 2 1 1 2 1
48 2 2 2 2 1
49 2 2 2 2 2
50 1 1 1 1 1
51 1 2 2 2 2
52 2 2 2 2 2
53 1 2 1 2 1
54 2 2 2 2 2
55 2 2 2 2 2
56 1 1 2 1 2
57 1 1 2 2 2
58 2 2 2 2 2
59 1 2 2 2 2
60 1 2 2 2 2
61 2 2 1 2 1
62 2 2 1 1 2
63 2 2 2 1 1
64 1 1 1 1 1
65 2 2 2 2 1
66 1 2 2 2 2
67 1 1 1 2 1
68 2 2 2 2 2
69 1 1 1 1 2
70 2 2 1 2 1
71 2 2 2 1 2
72 1 2 1 2 1
73 2 2 2 2 1
74 2 2 1 2 2
75 2 2 1 2 1
76 1 2 2 2 1
77 1 2 2 2 2
78 2 2 1 1 2
79 2 2 2 2 2
80 1 2 2 2 2
81 2 2 1 2 2
82 2 2 2 2 2
83 1 1 1 1 1
84 2 2 2 2 2
85 2 2 1 2 1
86 1 2 2 2 2
87 2 2 2 2 1
88 2 2 2 1 2
89 2 1 2 2 2
90 1 2 2 1 1
91 1 2 1 1 1
92 1 2 2 2 2
93 2 2 2 1 2
94 2 2 2 2 1
95 2 1 2 2 2
96 2 1 1 1 2
97 1 2 2 2 2
98 1 2 2 2 2
99 2 2 2 2 2
100 1 1 2 1 1
101 2 2 2 2 2
102 1 2 1 2 2
103 2 2 1 2 2
104 2 2 1 2 2
105 1 2 2 1 2
106 2 1 1 2 1
107 2 2 2 1 2
108 2 2 2 2 2
109 2 2 1 2 1
110 2 1 2 2 2
111 1 2 2 2 2
112 1 2 2 2 2
113 2 1 2 2 2
114 2 2 2 1 2
115 1 1 1 1 1
116 2 2 2 2 2
117 2 1 2 2 2
118 1 2 2 1 1
119 1 2 2 1 2
120 2 2 1 1 2
121 1 2 2 1 1
122 2 2 1 2 2
123 1 2 2 2 2
124 1 2 1 2 2
125 2 2 2 1 2
126 1 1 1 1 1
127 2 1 2 2 2
128 2 2 2 2 2
129 1 2 2 2 2
130 1 1 2 1 1
131 2 1 1 2 2
132 2 2 2 2 2
133 1 2 1 1 1
134 1 1 1 2 2
135 1 2 1 2 2
136 1 2 2 1 1
137 2 1 2 2 1
138 1 1 1 2 1
139 1 1 1 2 1
140 1 2 1 1 1
141 1 2 2 2 2
142 2 2 2 2 2
143 2 2 1 2 1
144 2 2 2 2 2
145 1 2 2 1 2
146 2 2 2 2 2
147 1 1 2 2 1
148 2 1 2 2 1
149 2 2 2 2 1
150 1 2 1 1 2
151 2 2 2 1 1
152 1 1 1 1 2
153 1 1 2 2 1
154 2 1 2 2 2
155 2 2 2 2 2
156 1 1 1 2 2
157 2 2 2 2 2
158 2 2 1 2 1
159 2 2 2 2 2
160 2 2 2 2 1
161 2 2 2 1 2
162 2 2 2 2 2
163 2 2 2 2 1
164 2 2 2 1 2
165 1 2 2 1 2
166 2 2 2 1 2
167 2 2 1 1 1
168 1 1 1 1 1
169 2 2 2 2 2
170 1 2 2 1 1
171 2 2 2 2 2
172 2 2 2 2 2
173 1 2 2 1 2
174 2 1 2 2 2
175 1 2 1 2 2
176 2 2 2 1 2
177 1 2 1 1 1
178 2 1 1 2 1
179 1 1 1 1 2
180 2 1 2 2 2
181 2 2 2 2 1
182 1 1 1 1 1
183 2 2 2 2 2
184 1 2 2 2 1
185 1 1 1 1 1
186 2 1 1 2 1
187 2 1 2 2 2
188 1 2 1 2 2
189 1 1 1 1 2
190 2 2 1 1 2
191 2 2 2 2 1
192 2 2 2 1 2
193 2 1 1 2 2
194 2 2 2 2 2
195 1 2 2 2 1
196 2 2 2 2 2
197 1 1 1 2 1
198 2 2 2 2 2
199 1 1 1 1 1
200 2 2 1 2 2
201 2 2 2 2 2
202 1 1 2 1 1
203 1 1 1 1 2
204 2 2 2 2 2
205 2 2 1 2 2
206 2 1 2 1 2
207 2 2 2 2 2
208 1 1 1 2 2
209 1 1 2 1 2
210 1 2 2 1 2
211 2 2 2 1 2
212 2 2 2 2 2
213 2 2 2 2 2
214 2 2 2 2 2
215 2 2 2 2 2
216 2 2 2 1 2
217 2 1 2 1 1
218 1 2 1 1 1
219 2 2 1 1 2
220 2 2 2 2 1
221 2 2 2 2 2
222 2 2 2 2 2
223 1 2 1 2 2
224 1 1 1 2 2
225 1 1 2 2 1
226 2 2 1 1 2
227 1 1 2 2 2
228 2 1 1 1 2
229 1 1 1 1 1
230 2 2 2 2 2
231 2 2 2 2 2
232 1 1 2 2 1
233 2 2 2 2 1
234 1 2 2 1 1
235 2 2 2 2 1
236 2 2 2 2 2
237 1 2 1 1 1
238 1 1 1 2 1
239 1 1 1 1 2
240 1 1 1 2 2
241 2 2 2 2 2
242 2 2 1 2 2
243 2 1 1 2 1
244 1 1 1 1 1
245 2 2 2 2 2
246 2 2 1 2 2
247 2 2 2 1 2
248 2 2 1 2 2
249 1 2 1 2 2
250 2 1 1 2 2
251 2 1 2 2 2
252 1 1 1 2 2
253 2 1 2 2 2
254 1 1 1 2 1
255 1 2 2 2 2
256 1 2 2 2 1
257 1 2 1 2 1
258 2 2 1 2 1
259 2 1 1 2 2
260 1 2 2 1 1
261 1 2 2 2 2
262 2 2 2 2 1
263 2 2 2 2 2
264 2 1 2 2 2
265 1 2 2 1 2
266 1 2 2 1 1
267 1 2 1 2 2
268 2 2 2 2 1
269 2 2 2 2 2
270 2 2 2 2 2
271 1 2 1 1 1
