1 2 2 2 2 2
2 2 2 2 2 2
3 2 1 2 2 2
4 1 2 2 1 1
5 1 2 2 1 1
6 1 2 2 1 2
7 1 2 2 1 1
8 1 1 1 1 2
9 2 2 2 2 2
10 2 2 2 2 1
11 2 2 2 2 2
12 1 1 2 1 1
13 2 2 2 2 2
14 1 1 1 1 1
15 1 2 1 1 1
16 2 2 2 2 2
17 2 2 2 2 2
18 1 2 2 2 2
19 1 2 2 2 2
20 1 2 2 1 2
21 2 2 2 2 2
22 2 2 2 2 2
23 2 2 2 2 2
24 1 2 2 2 2
25 1 2 2 1 2
26 1 1 2 2 1
27 1 1 1 1 1
28 1 1 1 2 2
29 2 2 2 2 2
30 1 2 1 2 2
31 2 2 2 2 1
32 2 2 2 2 2
33 1 1 1 1 2
34 1 1 1 1 1
35 1 1 2 1 1
36 2 2 1 2 1
37 2 1 2 2 2
38 2 2 2 2 2
39 1 1 1 1 1
40 2 2 2 2 2
41 2 2 2 2 2
42 1 1 1 1 1
43 2 2 2 1 2
44 2 2 2 2 2
45 1 2 2 2 2
46 1 1 1 1 2
47 1 2 1 1 1
48 2 2 2 2 2
49 2 2 2 1 2
50 2 2 2 2 2
51 2 2 2 2 1
52 1 1 1 2 2
53 1 2 2 2 2
54 1 1 1 1 1
55 2 2 2 2 2
56 2 2 2 1 2
57 1 1 1 1 1
58 1 2 1 1 2
59 2 2 2 2 2
60 1 1 2 1 2
61 2 2 2 2 2
62 2 2 2 2 2
63 2 2 2 2 2
64 2 2 2 2 2
65 1 1 1 1 1
66 2 1 1 2 2
67 2 2 2 2 2
68 2 1 2 2 2
69 2 2 2 2 2
70 2 2 2 2 2
71 2 2 2 2 1
72 2 1 2 1 2
73 1 1 1 1 1
74 2 2 2 1 1
75 1 1 2 2 2
76 2 1 1 1 2
77 2 2 2 2 2
78 2 2 2 2 2
79 1 1 2 2 1
80 2 2 2 2 2
81 2 2 2 2 1
82 1 2 1 1 1
83 1 1 2 2 2
84 2 1 2 1 2
85 1 1 1 1 2
86 2 2 2 2 2
87 2 1 2 2 2
88 2 2 1 2 2
89 1 1 1 2 1
90 2 2 2 2 2
91 1 1 2 2 2
92 2 2 2 2 1
93 2 2 2 1 2
94 1 2 2 2 2
95 1 1 1 1 1
96 2 1 2 2 2
97 2 2 1 2 2
98 2 1 2 2 2
99 2 2 2 1 2
100 1 2 2 1 2
101 1 1 1 2 2
102 1 1 1 1 1
103 2 2 2 2 1
104 2 2 2 2 1
105 1 2 2 2 2
106 2 2 2 2 2
107 1 2 2 1 1
108 1 2 2 2 1
109 2 2 2 1 2
110 1 1 2 1 1
111 1 1 2 1 1
112 1 1 2 2 1
113 2 2 1 2 2
114 2 2 2 2 2
115 2 2 1 2 2
116 2 2 1 1 1
117 1 2 1 2 2
118 1 1 1 1 2
119 2 2 1 2 1
120 2 2 2 2 2
121 2 2 2 2 2
122 1 1 1 2 2
123 2 2 2 2 1
124 2 2 2 1 2
125 2 1 2 2 2
126 2 2 2 2 2
127 2 1 2 2 2
128 2 1 2 2 2
129 1 1 1 1 1
130 1 2 2 2 2
131 2 2 2 2 2
132 2 2 2 2 2
133 2 2 2 2 2
134 2 1 1 1 2
135 1 2 2 2 2
136 1 1 1 1 1
137 2 2 1 1 1
138 1 2 2 1 1
139 1 1 2 2 1
140 2 2 2 2 1
141 2 2 2 2 2
142 2 2 2 2 2
143 2 2 1 2 1
144 2 2 2 2 2
145 2 1 2 1 2
146 2 2 2 2 2
147 1 1 1 1 1
148 2 2 2 1 2
149 2 2 2 2 2
150 1 1 1 1 2
151 2 1 1 2 2
152 2 2 2 2 2
153 1 2 2 1 2
154 2 1 1 2 1
155 2 1 2 2 2
156 2 2 2 2 2
157 1 2 2 2 1
158 2 2 1 2 2
159 2 1 2 2 2
160 1 1 1 1 1
161 1 1 1 1 1
162 1 1 1 1 1
163 2 1 1 1 2
164 2 2 2 1 2
165 1 2 2 1 1
166 1 1 2 1 2
167 2 1 1 2 2
168 1 1 1 1 1
169 2 2 1 2 2
170 2 2 2 2 2
171 1 1 1 1 1
172 2 2 1 2 2
173 2 2 2 1 1
174 2 2 2 2 2
175 2 2 2 2 2
176 2 1 1 2 2
177 2 2 2 2 2
178 1 1 2 1 1
179 1 2 2 2 2
180 1 2 1 1 1
181 2 2 1 2 2
182 1 2 2 2 2
183 2 2 2 2 2
184 2 2 2 2 1
185 2 2 2 1 1
186 2 2 2 1 1
187 2 1 2 2 2
188 2 2 2 2 2
189 1 1 1 1 1
190 2 1 2 1 2
191 1 1 1 1 1
192 2 2 2 2 2
193 2 2 2 2 2
194 2 2 2 2 2
195 2 1 2 2 2
196 1 2 2 2 2
197 1 1 2 1 2
198 2 1 2 1 1
199 1 1 1 1 1
200 2 2 2 2 2
201 1 2 2 2 2
202 2 2 1 1 1
203 2 2 2 2 2
204 2 2 2 2 2
205 1 2 1 1 1
206 2 1 2 1 2
207 1 1 1 1 1
208 2 2 2 2 1
209 1 1 2 2 1
210 1 2 2 1 1
211 2 2 2 2 2
212 1 2 2 2 2
213 2 1 2 1 1
214 1 2 2 2 2
215 2 2 2 2 2
216 2 2 2 2 2
217 1 1 1 1 1
218 2 1 2 1 2
219 1 1 2 2 1
220 1 1 1 1 1
221 2 2 2 2 2
222 1 1 1 1 1
223 1 1 2 1 2
224 2 1 1 1 1
225 2 1 1 2 1
226 2 2 2 2 2
227 1 2 2 2 2
228 2 2 2 2 2
229 1 2 2 2 2
230 1 1 1 1 1
231 2 2 2 2 1
232 1 1 2 2 2
233 2 2 2 2 2
234 1 1 1 1 1
235 1 1 2 1 1
236 1 1 1 1 2
237 1 2 2 1 2
238 2 1 2 2 2
239 1 2 2 2 2
240 1 1 1 1 2
241 2 2 2 2 1
242 2 2 2 2 2
243 2 1 2 2 2
244 1 2 2 1 2
245 2 2 2 2 2
246 2 2 2 2 2
247 1 1 1 1 1
248 1 1 2 2 2
249 2 2 2 2 2
250 1 1 1 2 2
251 1 1 2 1 1
252 1 2 2 2 2
253 2 1 2 2 2
254 2 2 2 2 2
255 1 1 2 2 1
256 2 2 2 1 2
257 2 1 1 1 1
258 1 1 1 1 1
259 2 1 1 1 2
260 2 2 2 2 1
261 2 1 2 2 2
262 1 1 2 2 2
263 2 2 2 2 2
264 2 1 2 1 2
265 2 2 2 2 2
266 1 2 2 2 2
267 2 2 2 1 2
268 2 2 2 2 1
269 1 1 1 1 1
270 1 2 1 1 1
271 2 1 2 2 2
272 1 2 2 1 2
273 1 2 2 1 2
274 2 2 2 2 2
275 1 2 1 1 1
276 1 2 2 2 1
277 2 1 1 1 1
278 2 2 2 1 2
279 1 2 2 1 2
280 2 1 1 1 2
281 2 1 1 1 1
282 2 2 2 2 2
283 1 1 2 1 2
284 2 2 2 2 2
285 2 1 2 1 1
286 2 2 2 1 2
287 1 2 2 1 2
288 2 2 2 2 2
289 1 1 2 1 1
290 2 2 1 1 2
291 1 2 2 2 2
292 2 1 2 2 2
293 2 2 2 1 2
294 2 2 1 1 2
295 2 2 2 2 1
296 2 1 1 1 1
297 2 2 1 1 1
298 2 2 2 2 2
299 1 2 1 1 1
300 1 2 2 2 1
301 1 1 2 1 1
302 1 2 2 2 1
303 2 1 2 2 2
304 1 2 2 1 2
305 1 1 1 1 2
306 1 1 1 1 1
307 1 1 1 2 1
308 1 2 2 1 1
309 2 2 2 2 2
310 1 2 1 1 2
311 2 2 1 2 1
312 1 2 2 2 1
313 2 2 2 2 2
314 1 1 1 1 2
315 2 1 2 2 2
316 2 1 1 1 1
317 2 2 2 2 1
318 1 1 2 2 2
319 2 2 2 2 2
320 2 1 1 2 2
321 2 2 2 1 2
322 2 1 2 2 1
323 1 2 2 1 1
324 2 2 2 1 2
325 2 2 2 2 2
326 2 2 2 2 2
327 2 1 2 1 2
328 1 2 1 1 1
329 1 2 2 2 2
330 2 2 1 2 1
331 2 1 1 1 1
332 1 2 2 2 2
333 2 2 2 2 2
334 1 2 1 2 2
335 2 2 2 2 2
336 2 2 2 2 1
337 2 2 2 2 2
338 1 2 2 2 2
339 2 1 2 1 1
