1 1 1 2 1
2 1 1 2 1
3 2 2 1 2
4 2 1 1 2
5 2 1 2 2
6 2 2 2 2
7 1 2 2 1
8 2 2 2 2
9 1 1 1 2
10 1 1 1 2
11 2 1 1 1
12 1 2 2 2
13 2 1 2 2
14 2 2 1 1
15 2 1 2 1
16 1 1 2 2
17 2 1 2 2
18 2 2 2 2
19 2 1 2 1
20 2 1 1 2
21 2 1 2 2
22 2 2 2 2
23 1 2 1 2
24 1 1 1 2
25 2 2 2 2
26 2 2 2 2
27 2 1 2 1
28 2 2 2 2
29 2 2 1 2
30 1 1 2 1
31 1 2 1 2
32 2 2 2 2
33 2 2 2 2
34 1 1 1 1
35 2 2 2 2
36 1 1 1 1
37 2 2 2 2
38 2 1 2 2
39 1 1 1 1
40 1 1 1 1
41 2 1 2 2
42 2 1 2 1
43 1 1 1 2
44 2 2 2 1
45 2 2 1 1
46 1 1 2 1
47 2 1 2 2
48 1 1 2 2
49 2 1 2 1
50 1 1 2 1
51 1 2 2 1
52 2 2 1 2
53 1 1 1 2
54 1 2 2 2
55 1 1 1 2
56 1 2 1 2
57 1 1 1 1
58 1 1 2 2
59 2 1 1 1
60 2 1 2 1
61 1 2 1 1
62 2 2 2 1
63 1 2 2 2
64 1 1 2 1
65 2 2 2 2
66 1 2 2 2
67 2 2 1 1
68 1 2 2 1
69 1 2 2 1
70 1 1 1 1
71 2 2 2 2
72 2 2 2 2
73 2 1 1 1
74 1 2 2 1
75 1 1 1 1
76 2 1 1 1
77 2 1 1 1
78 1 2 1 2
79 2 2 2 2
80 1 2 2 2
81 2 1 1 2
82 1 1 1 1
83 2 2 2 1
84 2 2 1 1
85 1 1 1 1
86 1 2 1 1
87 2 2 2 2
88 2 2 2 2
89 1 1 2 1
90 1 1 1 1
91 1 1 1 1
92 1 1 2 1
93 1 1 1 1
94 2 2 1 2
95 2 2 2 1
96 1 2 2 1
97 1 1 2 1
98 1 2 2 2
99 2 2 1 1
100 1 1 1 1
101 1 2 1 1
102 1 1 1 1
103 2 1 1 2
104 1 1 1 1
105 1 2 2 1
106 1 2 2 2
107 1 1 1 1
108 2 2 1 1
109 1 2 1 2
110 2 1 2 2
111 1 2 1 2
112 2 1 1 1
113 2 2 2 2
114 1 1 1 2
115 1 1 1 1
116 2 1 2 2
117 2 1 2 1
118 2 2 2 2
119 2 2 1 1
120 1 2 2 2
121 2 1 1 1
122 2 1 2 2
123 2 2 1 2
124 1 2 1 1
125 2 2 2 1
126 2 2 1 2
127 2 2 2 1
128 1 1 1 2
129 2 1 2 1
130 1 2 2 2
131 1 2 2 1
132 2 2 2 2
133 1 2 2 2
134 1 2 2 1
135 1 1 2 2
136 1 1 1 1
137 2 1 1 2
138 1 2 1 2
139 1 1 2 1
140 2 1 2 2
141 2 1 2 2
142 1 2 1 1
143 1 1 1 1
144 1 1 1 2
145 1 2 2 2
146 1 1 2 2
147 1 1 1 1
148 1 1 1 2
149 2 2 2 2
150 2 2 2 1
151 2 2 2 2
152 2 2 2 2
153 2 2 1 2
154 2 2 1 2
155 2 2 1 1
156 1 2 1 1
157 1 1 1 1
158 2 2 2 1
159 2 2 2 1
160 1 2 1 1
161 2 2 2 1
162 2 2 2 2
163 1 1 1 2
164 1 2 2 2
165 1 1 2 1
166 2 1 2 1
167 1 2 1 1
168 1 2 2 1
169 1 2 2 2
170 1 2 1 1
171 2 2 2 2
172 1 1 1 1
173 2 2 2 2
174 1 1 1 2
175 1 1 1 1
176 1 1 2 2
177 1 1 1 1
178 2 2 2 1
179 2 1 1 2
180 1 2 2 2
181 2 2 1 2
182 2 2 1 1
183 2 2 1 2
184 2 1 2 1
185 1 1 2 2
186 1 1 1 2
187 1 1 1 1
188 2 2 1 1
189 2 2 2 1
190 2 1 1 1
191 1 2 2 1
192 2 2 2 2
193 1 1 1 1
194 1 1 1 1
195 2 2 2 1
196 2 2 1 1
197 1 2 2 1
198 1 1 1 1
199 2 1 2 1
200 2 2 2 2
201 2 1 2 1
202 1 1 2 1
203 1 2 1 1
204 2 1 2 1
205 2 2 2 2
206 2 1 1 1
207 2 2 2 2
208 1 2 2 2
209 2 2 2 2
210 1 1 1 1
211 2 1 1 2
212 2 2 2 2
213 2 2 2 1
214 1 1 2 1
215 1 1 1 1
216 1 1 1 1
217 1 1 2 1
218 1 1 1 1
219 1 1 1 1
220 2 2 2 2
221 2 1 2 2
222 1 2 2 2
223 1 2 2 2
224 1 1 1 1
225 1 1 2 1
226 2 2 2 1
227 1 1 2 1
228 1 1 1 1
229 1 1 1 2
230 2 2 2 2
231 2 2 1 2
232 1 2 2 1
233 2 2 2 2
234 2 2 1 2
235 2 2 1 1
236 1 1 2 1
237 2 1 2 1
238 1 1 1 1
239 1 1 2 1
240 1 2 1 1
241 1 2 2 1
242 2 2 2 1
243 2 1 2 2
244 2 1 1 2
245 2 2 2 2
246 2 2 2 2
247 1 2 1 2
248 2 2 1 2
249 1 2 2 2
250 2 1 2 2
251 1 2 1 1
252 1 1 1 1
253 2 1 2 1
254 1 1 2 2
255 1 2 1 1
256 1 1 2 2
257 2 2 2 2
258 2 2 2 2
259 1 1 1 1
260 1 1 1 2
261 2 2 2 2
262 2 1 2 1
263 1 1 2 2
264 1 1 1 1
265 1 1 1 1
266 1 1 1 1
267 1 1 1 2
268 1 2 1 1
269 2 2 2 2
270 2 2 1 1
271 2 1 2 2
272 1 1 1 1
273 1 2 2 2
274 1 1 1 1
275 2 1 1 2
276 1 2 2 1
277 2 1 1 2
278 2 2 1 1
279 1 2 1 1
280 2 2 1 1
281 2 2 2 2
282 2 2 2 2
283 1 2 1 2
284 2 2 1 2
285 1 1 2 2
286 2 1 1 1
287 2 2 1 2
288 1 1 2 2
289 2 2 1 1
290 1 1 1 1
291 2 2 1 1
292 1 2 1 2
293 2 2 1 1
294 1 1 1 1
295 2 1 2 2
296 1 1 1 1
297 2 1 1 1
298 1 1 1 1
299 2 1 2 1
300 1 1 2 2
301 1 1 2 2
302 1 1 1 1
303 1 2 1 1
304 1 1 1 1
305 1 2 1 2
306 1 2 1 1
307 2 1 1 2
308 2 1 1 2
309 2 1 1 2
310 2 2 2 1
311 1 2 2 2
312 1 1 1 1
313 2 2 2 2
314 1 1 1 2
315 2 2 2 2
316 2 2 1 1
317 1 1 1 1
318 1 1 2 2
319 1 2 1 1
320 2 1 2 1
321 2 2 2 1
322 1 2 1 1
323 1 2 2 2
324 2 1 2 1
325 2 1 2 2
326 2 2 2 2
327 1 1 2 2
328 1 2 2 2
329 1 2 1 2
330 1 1 2 2
331 1 1 2 2
332 2 1 2 2
333 2 2 2 1
334 1 2 1 2
335 1 1 2 2
336 1 2 1 2
337 2 1 2 2
338 1 1 1 1
339 1 2 1 1
340 1 1 2 2
341 1 2 2 1
342 2 2 2 2
343 2 2 2 2
344 2 1 2 2
345 1 1 2 2
346 1 1 2 2
347 2 2 1 2
348 1 1 2 2
349 2 2 2 2
350 2 2 2 1
351 2 1 1 1
352 1 2 2 2
353 2 2 2 2
