1 2 1 2 1 2
2 2 2 2 2 1
3 1 2 2 2 2
4 1 2 1 2 1
5 1 1 2 1 1
6 1 1 1 1 1
7 2 2 2 2 1
8 1 2 1 2 2
9 2 2 2 2 2
10 1 2 2 2 2
11 1 1 1 1 1
12 1 2 2 2 2
13 1 1 1 1 1
14 2 1 1 2 2
15 2 1 1 1 1
16 1 1 1 1 1
17 2 1 1 2 2
18 1 2 2 1 2
19 2 2 2 1 2
20 1 1 1 1 1
21 1 1 1 1 1
22 2 2 2 2 1
23 1 2 1 2 1
24 2 2 1 1 2
25 1 1 1 1 1
26 2 2 2 2 1
27 1 2 2 2 2
28 2 1 2 2 2
29 2 2 1 1 1
30 2 2 2 2 1
31 1 1 1 1 1
32 1 1 1 1 2
33 1 2 1 2 1
34 1 1 1 1 1
35 1 2 1 1 1
36 1 2 1 1 1
37 2 2 2 2 1
38 2 2 2 2 2
39 1 1 2 2 2
40 2 1 1 1 2
41 2 2 1 2 2
42 2 1 1 1 2
43 1 1 1 1 1
44 1 1 1 1 1
45 1 1 2 1 1
46 2 2 2 2 2
47 2 2 2 2 1
48 1 2 1 2 1
49 1 1 1 2 2
50 2 1 1 2 2
51 2 2 2 2 1
52 2 1 2 1 1
53 1 1 1 2 1
54 1 2 2 2 2
55 1 2 1 1 1
56 2 2 1 2 2
57 1 2 2 2 2
58 2 1 2 2 1
59 2 1 2 1 1
60 1 1 1 2 2
61 1 1 2 1 1
62 2 1 1 2 1
63 1 1 1 1 1
64 2 1 1 2 2
65 1 1 2 1 1
66 1 1 1 1 1
67 1 2 1 1 1
68 2 2 1 2 1
69 2 2 2 1 1
70 1 1 2 2 2
71 2 1 2 2 2
72 2 2 2 2 2
73 2 2 2 2 1
74 1 2 2 2 2
75 1 2 2 1 2
76 2 1 1 2 2
77 1 1 1 2 2
78 1 1 1 1 1
79 2 2 2 2 2
80 1 1 2 1 1
81 1 1 1 2 1
82 2 2 2 2 2
83 2 1 1 1 1
84 2 2 2 2 1
85 1 1 2 1 1
86 2 1 1 2 2
87 1 2 1 1 2
88 1 1 1 1 2
89 2 2 2 1 1
90 1 1 1 1 1
91 1 1 2 1 2
92 1 2 2 2 2
93 2 2 2 2 2
94 1 1 2 2 1
95 2 1 2 1 1
96 1 1 1 1 1
97 2 1 2 2 1
98 1 1 1 1 1
99 2 1 1 1 1
100 2 2 1 1 1
101 1 1 2 1 1
102 1 1 1 1 1
103 2 1 1 1 2
104 2 2 1 2 1
105 1 2 2 2 1
106 2 1 2 2 2
107 2 1 1 2 2
108 1 1 1 2 2
109 2 1 1 2 2
110 1 1 1 1 1
111 2 1 2 2 2
112 2 1 2 1 2
113 2 2 2 2 1
114 2 1 1 1 2
115 2 1 2 1 2
116 2 2 2 2 1
117 2 1 1 1 2
118 2 1 2 2 2
119 1 2 2 2 2
120 2 1 2 2 2
121 2 2 2 2 2
122 2 1 2 1 2
123 2 2 2 2 1
124 2 2 2 1 2
125 2 2 2 2 1
126 2 2 2 2 2
127 2 2 2 2 2
128 1 2 2 2 1
129 1 2 1 1 2
130 2 1 1 2 2
131 1 1 2 1 2
132 1 1 2 1 2
133 2 1 2 1 2
134 1 1 1 2 1
135 1 2 1 2 1
136 1 1 1 1 2
137 1 1 1 1 1
138 2 2 2 2 2
139 2 2 2 2 2
140 1 1 1 2 1
141 2 2 2 2 2
142 2 1 1 2 1
143 1 1 1 1 1
144 1 1 1 1 2
145 1 1 1 2 2
146 2 2 1 2 2
147 2 2 2 2 2
148 1 2 2 2 1
149 2 2 2 2 1
150 2 2 2 2 1
151 2 1 1 1 1
152 2 2 2 2 1
153 1 1 1 1 2
154 1 1 1 2 2
155 1 2 2 2 1
156 2 1 2 1 2
157 1 1 1 1 2
158 1 1 1 2 1
159 2 2 2 2 1
160 2 1 1 1 2
161 1 1 2 2 2
162 1 1 1 2 1
163 1 1 1 1 1
164 1 2 2 2 1
165 1 1 1 1 1
166 2 2 2 1 2
167 2 1 1 1 1
168 1 1 2 2 2
169 1 1 1 1 1
170 2 2 2 2 2
171 1 1 2 1 2
172 2 1 1 2 1
173 1 1 2 2 1
174 1 1 1 2 1
175 1 2 1 2 1
176 2 2 1 2 2
177 2 1 1 2 1
178 1 2 2 2 1
179 1 2 2 2 2
180 2 2 2 2 2
181 1 1 2 1 1
182 2 2 2 2 2
183 2 1 1 1 1
184 1 2 2 1 1
185 1 1 1 2 1
186 1 1 1 1 1
187 2 1 2 1 2
188 2 1 1 1 2
189 1 1 2 1 1
190 2 1 2 1 1
191 2 1 2 2 2
192 1 2 1 1 2
193 1 2 2 2 2
194 2 2 1 1 2
195 1 2 1 1 2
196 1 2 2 2 2
197 2 2 2 2 2
198 1 1 1 1 1
199 2 1 1 1 1
200 2 1 1 2 1
201 1 1 2 2 1
202 2 1 1 1 1
203 1 1 2 1 1
204 2 2 1 1 2
205 2 2 2 2 2
206 2 1 1 2 1
207 2 2 2 2 2
208 2 2 2 2 2
209 1 1 2 2 1
210 1 1 1 1 2
211 1 2 1 1 1
212 2 2 2 2 1
213 1 1 2 2 1
214 1 1 2 2 2
215 1 2 1 1 2
216 2 1 2 2 1
217 1 1 1 1 1
218 2 2 2 1 1
219 2 2 2 2 2
220 2 1 1 2 2
221 2 2 1 1 2
222 1 1 1 1 1
223 2 2 2 2 2
224 1 1 1 1 1
225 2 1 2 2 2
226 2 1 1 1 1
227 2 2 1 2 2
228 2 2 1 1 2
229 1 1 2 1 1
230 2 1 1 1 1
231 2 2 2 2 2
232 1 1 1 2 1
233 1 1 1 1 1
234 2 2 1 2 2
235 2 1 1 1 1
236 1 1 2 1 2
237 2 2 2 1 1
238 1 2 1 1 2
239 1 1 1 1 1
240 2 2 1 2 2
241 2 2 2 2 1
242 1 1 1 2 1
243 1 2 2 1 2
244 2 2 1 2 2
245 2 2 2 1 2
246 1 1 1 1 2
247 1 2 2 1 1
248 2 2 1 1 1
249 1 2 1 1 1
250 1 1 1 1 2
251 1 1 1 2 2
252 1 1 1 2 1
253 1 2 2 2 1
254 2 1 2 2 2
255 1 1 2 1 1
256 1 1 1 1 1
257 1 1 1 1 1
258 1 2 1 2 1
259 1 1 1 1 1
260 1 1 1 1 1
261 2 1 2 2 1
262 2 2 2 2 2
263 2 2 1 2 1
264 2 1 1 2 1
265 1 1 1 1 1
266 2 1 1 1 2
267 2 2 1 2 1
268 1 1 2 1 1
269 2 1 1 1 1
270 1 1 1 1 1
271 1 1 2 2 2
272 1 1 2 2 1
273 1 1 1 1 2
274 1 1 1 2 1
275 2 1 1 1 2
276 2 2 1 2 2
277 2 2 2 2 2
278 2 2 2 2 2
279 2 2 2 2 2
280 2 2 2 2 2
281 2 2 2 2 2
282 2 2 1 2 2
283 1 1 1 1 2
284 2 2 2 1 1
285 1 1 1 2 1
286 1 2 2 2 2
287 1 2 2 2 2
288 2 2 2 2 2
289 1 1 2 2 2
290 2 2 2 2 2
291 2 2 1 1 2
292 1 1 2 2 2
293 1 2 2 2 2
294 1 2 2 1 1
295 2 1 2 1 2
296 2 1 1 1 1
297 1 1 1 1 2
298 2 1 2 1 1
299 2 1 1 1 1
300 2 2 1 2 1
301 2 2 2 2 2
302 1 1 1 2 2
303 1 1 2 1 1
304 1 1 2 2 2
305 2 2 1 2 2
306 2 2 2 2 2
