1 2 2 2 2 2
2 2 2 2 2 1
3 1 1 1 1 1
4 1 1 1 1 1
5 2 2 2 2 1
6 2 2 1 2 2
7 1 2 1 2 2
8 1 1 2 2 1
9 2 2 2 2 2
10 2 2 2 2 2
11 1 2 1 1 1
12 2 2 1 1 2
13 1 1 1 2 2
14 2 1 1 1 2
15 2 2 2 2 2
16 1 2 1 1 1
17 1 2 1 1 2
18 2 2 1 2 2
19 1 1 2 2 1
20 1 2 1 1 1
21 1 2 1 1 1
22 1 2 1 1 2
23 2 1 1 2 2
24 2 2 2 2 2
25 2 2 2 2 1
26 1 1 1 1 1
27 1 1 1 1 1
28 1 1 2 2 2
29 1 2 2 1 2
30 1 2 1 2 2
31 2 2 2 2 2
32 1 2 2 2 1
33 1 1 2 2 2
34 1 2 2 2 1
35 1 1 1 1 1
36 2 2 1 2 2
37 2 2 2 2 1
38 1 2 2 1 2
39 2 2 2 2 2
40 2 2 1 1 1
41 1 2 1 1 1
42 2 2 2 1 2
43 1 1 1 1 1
44 1 1 1 1 1
45 1 1 1 1 2
46 1 2 1 2 2
47 2 1 1 2 2
48 1 2 2 2 2
49 1 2 2 2 2
50 1 2 2 1 1
51 1 1 1 1 1
52 1 2 1 1 2
53 1 2 2 2 2
54 1 1 1 1 2
55 2 2 2 2 2
56 2 1 2 2 2
57 1 1 2 2 1
58 2 2 2 2 2
59 2 2 1 2 2
60 2 2 1 2 2
61 2 2 2 2 2
62 1 2 2 2 2
63 2 2 2 2 2
64 1 2 2 2 2
65 1 1 1 2 1
66 2 2 2 1 2
67 2 2 2 1 2
68 2 2 1 1 1
69 2 2 1 1 1
70 1 2 2 1 2
71 1 2 1 1 1
72 2 2 1 1 1
73 2 2 1 2 2
74 2 2 2 2 1
75 2 1 1 1 1
76 1 2 2 2 2
77 2 2 2 2 2
78 1 1 1 1 1
79 2 2 2 2 2
80 2 1 2 2 2
81 1 2 1 1 2
82 1 1 2 2 2
83 2 2 1 2 2
84 1 1 1 1 1
85 2 2 2 2 2
86 1 2 2 2 2
87 1 1 1 1 1
88 1 1 1 1 1
89 2 2 2 2 2
90 2 2 2 2 2
91 1 2 1 2 2
92 1 2 2 2 2
93 1 2 2 1 2
94 1 1 1 2 2
95 1 2 1 1 1
96 1 2 1 2 2
97 1 1 1 1 1
98 1 2 2 1 1
99 1 2 1 1 1
100 1 2 2 2 2
101 2 2 1 2 2
102 2 2 2 1 2
103 2 2 2 2 2
104 2 2 2 2 2
105 1 2 1 1 2
106 1 2 2 2 2
107 1 1 1 1 1
108 1 2 1 1 2
109 2 2 1 1 2
110 2 2 2 2 2
111 2 1 2 2 2
112 1 2 1 1 2
113 1 1 1 1 2
114 1 2 1 2 1
115 1 1 1 1 2
116 1 2 2 1 2
117 1 1 2 2 1
118 2 2 2 2 2
119 1 2 2 1 1
120 2 2 2 2 2
121 2 2 2 2 2
122 2 2 2 2 1
123 1 2 1 2 1
124 2 2 2 2 2
125 1 2 1 1 1
126 2 2 2 2 2
127 1 1 1 1 1
128 2 2 1 2 2
129 2 2 2 2 2
130 2 2 2 2 2
131 1 1 2 2 1
132 1 1 2 2 2
133 2 1 1 2 1
134 1 2 2 1 1
135 2 2 2 2 2
136 1 2 1 2 2
137 2 2 2 2 2
138 2 2 2 1 2
139 2 1 2 2 2
140 2 2 2 1 2
141 2 1 1 1 1
142 1 1 1 1 2
143 2 2 2 2 2
144 2 1 2 2 2
145 2 2 2 2 2
146 1 2 1 2 2
147 1 1 1 1 1
148 1 1 1 1 1
149 2 1 2 2 2
150 2 2 2 1 1
151 2 1 2 2 2
152 1 2 2 2 1
153 2 2 2 2 2
154 2 1 1 2 2
155 1 2 2 1 1
156 1 1 1 1 1
157 2 2 1 2 2
158 2 2 2 1 2
159 2 1 1 2 2
160 2 2 2 2 1
161 2 2 2 2 1
162 1 1 1 1 1
163 2 2 2 1 2
164 1 1 1 2 1
165 1 2 1 1 1
166 1 2 2 2 1
167 1 1 1 1 1
168 1 1 2 1 2
169 2 1 1 2 1
170 1 2 1 1 1
171 2 2 2 2 2
172 1 2 2 2 2
173 2 1 1 2 2
174 2 2 2 2 1
175 2 2 1 2 1
176 1 1 1 2 2
177 2 2 2 1 2
178 2 2 2 2 2
179 2 2 1 2 2
180 2 2 1 1 2
181 1 2 1 1 2
182 2 2 2 1 2
183 1 2 1 2 2
184 2 2 1 1 2
185 1 1 1 1 1
186 1 1 2 2 2
187 2 2 1 2 2
188 2 2 1 2 2
189 1 2 2 2 1
190 1 1 1 1 1
191 2 2 2 2 2
192 1 1 1 1 1
193 2 1 1 2 2
194 2 2 2 2 1
195 1 1 2 2 2
196 2 2 2 1 1
197 2 2 2 2 1
198 2 2 1 2 2
199 1 2 1 2 1
200 2 1 1 1 1
201 2 2 2 2 2
202 2 2 2 1 2
203 1 2 2 1 1
204 2 2 1 2 2
205 2 2 2 2 2
206 1 1 1 1 1
207 1 1 1 1 1
208 1 2 2 2 1
209 2 2 1 2 2
210 2 1 1 1 1
211 1 1 2 1 2
212 1 1 1 1 2
213 1 2 2 2 2
214 1 1 2 1 2
215 2 2 2 2 2
216 1 2 1 2 2
217 2 2 2 1 2
218 2 1 1 1 1
219 2 2 2 2 2
220 1 2 2 2 2
221 2 1 2 1 1
222 1 1 2 2 2
223 2 2 2 2 2
224 2 2 2 2 2
225 1 1 1 2 1
226 2 2 2 2 2
227 1 2 2 1 2
228 2 2 2 2 2
229 1 2 2 1 1
230 2 2 1 2 2
231 1 1 2 2 2
232 2 1 2 2 2
233 1 1 1 1 1
234 2 2 2 1 2
235 1 1 2 2 1
236 1 1 1 1 1
237 1 2 2 2 2
238 1 1 1 1 1
239 2 2 2 1 1
240 1 2 1 1 1
241 1 2 2 1 1
242 1 2 2 2 1
243 2 1 2 2 2
244 2 2 1 1 2
245 1 2 1 1 1
246 2 2 1 2 2
247 1 1 1 1 1
248 2 2 2 2 2
249 1 1 1 1 1
250 2 1 1 1 1
251 1 1 1 1 2
252 2 2 2 2 2
253 2 1 2 2 2
254 2 2 1 2 2
255 2 2 2 1 2
256 1 2 2 1 2
257 2 1 2 2 2
258 2 2 1 2 1
259 2 2 2 1 2
260 1 2 2 2 2
261 1 2 1 1 2
262 1 1 1 2 1
263 2 2 2 2 2
264 1 1 1 2 2
265 2 2 2 1 1
266 2 1 2 1 1
267 2 2 2 2 2
268 2 2 2 2 1
269 1 2 2 2 2
270 1 1 1 1 1
271 2 1 1 2 2
272 2 1 1 1 1
273 2 2 2 1 2
274 2 2 2 2 1
275 1 2 1 2 1
276 1 1 2 2 2
277 1 1 1 1 1
278 1 1 1 1 1
279 1 2 2 1 2
280 2 1 1 1 1
281 1 2 1 2 2
282 2 2 1 2 2
283 2 2 2 2 2
284 1 1 1 1 1
285 1 2 2 1 2
286 1 2 1 1 2
287 2 2 2 2 1
288 1 2 1 1 2
289 2 2 1 2 2
290 2 2 1 1 2
291 2 2 2 2 2
292 1 2 2 2 1
293 2 1 1 2 2
294 2 2 1 1 2
295 1 1 1 1 1
296 2 2 1 1 2
297 1 1 1 1 1
298 2 2 2 2 2
299 1 1 2 2 2
300 2 2 2 2 2
301 1 1 1 1 1
302 1 2 2 2 2
303 2 2 2 2 2
304 2 1 2 2 2
305 2 2 1 2 2
306 2 2 1 2 2
307 1 2 2 1 2
308 2 2 1 2 2
309 1 2 2 1 2
310 2 2 2 2 2
311 2 1 1 1 1
312 1 1 1 1 2
313 2 2 1 1 2
314 2 2 1 2 2
315 2 2 1 2 1
316 1 1 1 1 1
317 2 2 1 2 2
318 1 1 1 1 1
319 1 2 2 2 2
320 2 2 2 2 2
321 1 2 2 2 2
322 1 2 1 1 1
323 2 1 2 2 1
324 1 1 2 1 2
325 2 1 2 2 2
326 2 2 2 2 2
327 1 1 1 1 1
328 2 2 1 2 2
329 2 2 2 2 2
330 2 2 2 2 1
331 2 2 2 2 1
332 1 1 2 1 1
333 1 2 2 2 1
334 2 2 1 1 2
335 2 1 1 2 1
336 2 2 1 1 2
337 2 1 1 1 1
338 2 1 1 1 1
339 2 2 2 2 2
340 1 1 2 1 1
341 1 1 1 1 1
342 2 2 2 2 2
343 2 2 2 1 2
344 2 2 2 1 2
345 1 2 1 1 2
346 2 2 2 2 2
347 1 1 1 1 1
348 1 2 2 2 1
349 2 1 1 1 1
350 1 2 1 1 1
351 1 1 1 1 1
352 1 1 1 1 2
353 1 2 1 2 1
354 1 2 1 1 1
355 2 2 1 2 2
356 1 2 1 2 2
357 2 2 1 2 2
358 1 2 1 2 2
359 1 2 2 2 2
360 1 1 1 1 2
361 1 2 1 1 2
362 1 2 1 1 1
363 2 2 1 2 2
364 2 2 1 2 2
365 2 2 2 2 2
366 2 2 2 2 1
367 2 2 2 2 2
368 2 2 2 2 2
369 1 1 2 1 2
370 1 2 1 1 2
371 2 1 2 2 2
372 1 2 1 2 2
373 1 1 1 2 1
374 2 1 1 1 1
375 1 2 2 2 1
376 2 2 1 2 1
377 2 2 2 2 1
378 1 1 1 2 2
379 2 2 2 2 2
380 1 1 1 1 1
381 2 1 2 1 2
382 2 1 2 1 2
383 2 2 2 2 2
384 2 2 1 2 2
385 2 2 1 2 2
386 1 2 1 1 2
387 1 2 1 2 2
388 2 2 2 2 2
389 2 1 2 1 1
390 1 1 1 1 1
391 2 1 1 2 2
392 1 1 2 2 2
393 2 2 2 2 2
394 1 1 2 2 2
395 2 2 2 2 1
396 2 2 1 2 1
397 2 2 1 2 2
398 2 2 2 1 2
399 1 1 2 1 2
400 1 2 2 1 2
401 2 2 2 2 2
402 2 2 2 1 2
403 1 1 1 1 2
404 2 2 2 2 1
405 2 2 2 2 1
406 2 1 1 1 2
407 2 1 2 2 1
408 2 2 1 2 1
409 2 1 1 2 2
410 2 1 2 1 2
411 2 1 1 2 1
412 2 2 1 2 2
413 2 2 2 2 1
414 2 2 1 2 1
415 2 2 2 2 2
416 1 2 2 2 1
417 2 2 2 2 2
418 2 2 1 2 2
419 2 1 2 2 2
420 2 2 2 2 2
