1 2 2 1 2 1
2 1 1 1 1 1
3 2 1 1 1 2
4 2 1 2 2 2
5 1 1 1 2 1
6 2 2 2 2 2
7 1 2 1 1 2
8 2 2 2 2 1
9 2 2 1 1 1
10 1 1 1 1 1
11 1 1 1 1 1
12 2 2 2 2 2
13 2 2 1 2 2
14 2 1 1 1 1
15 2 2 1 2 2
16 2 1 2 1 1
17 2 2 2 2 2
18 2 1 1 1 1
19 2 2 2 1 1
20 2 2 2 2 2
21 2 2 2 2 2
22 2 2 1 1 2
23 1 2 1 1 1
24 1 1 1 1 1
25 1 1 1 2 2
26 2 1 1 2 1
27 1 2 2 1 1
28 1 2 1 2 1
29 2 2 1 1 1
30 1 2 1 2 2
31 2 2 2 2 2
32 2 1 2 2 2
33 1 1 2 1 1
34 2 2 2 2 2
35 2 2 1 1 2
36 2 1 2 2 2
37 1 2 2 2 2
38 1 1 2 1 1
39 1 2 2 2 2
40 2 2 2 2 2
41 2 2 2 2 2
42 2 2 2 2 2
43 2 1 2 1 2
44 1 2 1 1 2
45 1 1 2 1 1
46 2 2 2 2 2
47 1 2 1 2 2
48 1 1 1 1 1
49 1 1 2 2 2
50 2 2 2 1 1
51 2 2 2 2 2
52 2 2 2 2 1
53 2 1 1 2 1
54 2 1 2 2 2
55 2 2 2 1 2
56 1 1 2 1 2
57 2 2 1 1 2
58 2 2 1 2 2
59 1 1 1 1 2
60 2 2 2 2 2
61 1 2 2 1 2
62 1 1 1 2 1
63 2 2 2 2 1
64 1 2 1 2 2
65 1 1 1 1 1
66 2 1 1 2 2
67 1 2 1 2 2
68 2 2 1 2 2
69 2 1 2 2 2
70 2 2 2 1 1
71 1 1 2 2 1
72 1 2 2 1 2
73 1 2 2 2 1
74 2 1 1 1 1
75 1 1 2 1 2
76 2 2 2 2 1
77 2 1 1 1 2
78 1 2 1 1 2
79 2 1 2 2 2
80 1 1 1 1 1
81 1 1 1 1 2
82 2 2 2 2 2
83 2 1 2 2 1
84 2 2 1 2 2
85 2 2 2 2 2
86 2 2 2 2 2
87 1 2 2 2 2
88 2 2 1 2 2
89 1 2 2 2 2
90 2 2 2 2 2
91 2 1 2 2 2
92 2 2 2 2 2
93 2 2 2 2 2
94 2 2 2 2 2
95 1 1 1 2 1
96 2 2 2 2 2
97 2 2 2 2 2
98 1 2 2 2 2
99 2 2 2 2 1
100 2 2 2 2 1
101 2 1 1 2 1
102 1 1 1 1 1
103 1 1 2 2 2
104 2 2 2 2 2
105 1 2 2 2 2
106 2 1 1 2 2
107 2 2 2 2 2
108 1 2 1 2 2
109 2 2 2 1 1
110 1 2 2 1 1
111 2 2 2 2 1
112 2 1 2 2 2
113 1 1 1 1 1
114 2 2 2 1 2
115 1 2 2 2 2
116 2 2 2 2 2
