1 1 1 1 1 2 1
2 1 2 1 2 2 2
3 2 2 2 2 2 2
4 2 2 1 2 1 1
5 2 1 2 2 1 2
6 1 1 1 2 1 1
7 2 2 2 2 2 2
8 2 2 2 2 2 2
9 1 1 1 2 2 1
10 2 2 2 1 2 1
11 2 2 2 2 2 2
12 2 2 2 2 2 2
13 2 2 2 2 2 2
14 2 2 1 2 2 2
15 2 2 2 2 2 2
16 2 2 2 1 2 2
17 2 2 2 2 2 2
18 1 1 2 1 2 1
19 2 2 2 2 1 2
20 1 1 1 1 1 1
21 2 2 2 2 2 1
22 2 2 1 2 2 2
23 2 2 2 1 2 2
24 2 1 2 2 2 2
25 1 1 1 1 1 1
26 1 1 1 1 1 1
27 1 2 1 1 1 2
28 1 2 1 1 1 1
29 2 2 2 2 2 2
30 2 2 2 2 2 2
31 1 2 2 1 1 2
32 2 2 2 2 2 2
33 2 1 2 1 2 2
34 2 2 2 2 2 2
35 2 2 2 2 2 2
36 1 1 1 2 1 2
37 1 1 1 1 1 1
38 2 1 2 2 1 2
39 2 2 2 2 2 2
40 2 2 2 2 2 2
41 1 2 2 2 2 2
42 2 2 2 2 2 2
43 2 2 2 2 2 2
44 2 1 2 2 2 2
45 2 2 2 2 2 2
46 1 1 2 2 2 2
47 2 1 2 1 1 2
48 2 1 2 1 2 2
49 2 2 2 2 1 2
50 2 2 2 2 2 2
51 2 2 2 2 2 2
52 1 2 1 2 2 2
53 2 2 2 2 2 2
54 2 1 2 2 2 2
55 2 2 2 2 2 2
56 1 1 1 1 1 1
57 2 2 2 2 2 2
58 1 2 1 2 1 2
59 2 1 1 1 2 2
60 2 2 2 2 2 1
61 2 2 1 2 2 2
62 2 2 2 2 2 1
63 2 1 1 2 2 2
64 2 2 2 2 2 2
65 1 2 1 2 1 2
66 2 2 2 1 2 1
67 1 2 2 1 1 1
68 2 2 2 2 2 2
69 2 2 2 2 2 2
70 1 1 1 1 1 2
71 2 2 1 2 1 1
72 2 1 2 2 2 2
73 2 2 2 2 2 2
74 2 2 2 2 2 2
75 2 2 2 2 2 2
76 2 2 2 2 2 1
77 1 2 1 1 2 2
78 2 2 2 2 2 2
79 1 1 1 1 2 1
80 2 2 2 2 2 2
81 1 1 2 1 2 2
82 1 1 1 1 1 1
83 1 1 1 1 1 1
84 2 1 1 2 2 2
85 2 2 2 2 2 2
86 1 1 2 1 1 1
87 2 2 2 2 2 2
88 2 2 1 2 1 2
89 2 2 2 2 2 2
90 2 2 2 2 2 1
91 2 1 2 2 1 1
92 2 2 2 2 2 2
93 2 1 2 2 2 2
94 1 2 1 2 2 2
95 2 1 2 1 1 1
96 1 1 1 1 1 1
97 2 2 2 2 2 2
98 2 1 2 1 1 1
99 2 2 2 2 2 2
100 1 1 2 2 2 2
101 1 1 1 1 1 1
102 2 2 2 2 2 2
103 2 2 2 2 2 2
104 2 2 2 2 2 2
105 2 1 2 1 1 2
106 2 2 1 2 2 2
107 2 2 1 1 1 2
108 2 2 2 2 2 2
109 1 1 2 1 1 1
110 2 2 2 2 2 2
111 1 1 1 1 1 1
112 2 2 2 2 2 2
113 2 2 2 1 2 2
114 2 2 2 2 2 2
115 1 2 2 2 2 2
116 2 2 1 2 2 1
117 2 2 1 2 2 2
118 1 2 1 1 1 2
119 2 2 2 2 2 2
120 1 1 1 1 2 1
121 1 1 1 1 1 2
122 2 2 2 2 2 2
123 2 2 2 2 2 2
124 2 2 1 2 2 2
125 2 1 1 2 2 2
126 2 2 1 2 2 1
127 1 2 2 1 2 1
128 2 2 2 2 2 2
129 2 2 2 2 2 2
130 1 2 1 1 2 2
131 2 2 2 2 2 2
132 1 2 2 1 1 2
133 1 2 2 1 2 1
134 1 2 2 1 1 2
135 2 2 2 1 1 1
136 1 2 2 1 2 2
137 1 1 1 1 1 1
138 1 1 2 1 2 2
139 1 2 1 1 1 1
140 2 2 2 2 2 2
141 1 1 1 1 1 1
142 1 1 1 1 1 1
143 1 2 2 2 2 2
144 1 1 2 1 2 1
145 2 2 2 2 2 2
146 2 2 2 2 2 2
147 2 2 2 2 2 2
148 2 1 1 1 1 1
149 2 2 2 2 2 2
150 2 2 2 2 2 2
151 1 2 2 2 2 2
152 1 2 1 2 1 2
153 1 1 1 1 2 2
154 1 2 1 1 1 2
155 1 2 1 2 1 1
156 2 2 2 2 2 2
157 1 2 1 2 2 2
158 2 1 1 2 2 2
159 2 2 2 2 2 2
160 1 1 2 1 1 1
