1 2 1 2 2 2 2
2 2 2 2 1 1 2
3 2 2 2 2 2 2
4 2 2 2 2 2 2
5 1 2 2 2 2 1
6 2 2 2 2 2 2
7 2 2 2 2 2 1
8 1 1 1 1 1 1
9 2 2 1 2 1 2
10 2 2 2 2 2 2
11 2 2 2 2 2 2
12 2 2 2 2 2 1
13 2 2 1 1 2 1
14 2 1 1 1 1 1
15 2 1 1 1 2 2
16 1 1 1 1 1 1
17 2 2 2 2 2 2
18 2 1 1 1 2 1
19 1 1 1 1 1 2
20 2 2 2 2 2 2
21 2 2 1 2 2 2
22 2 1 2 1 1 1
23 2 2 2 2 2 2
24 2 1 2 2 2 2
25 2 1 2 2 2 2
26 2 2 2 2 2 2
27 1 2 2 2 2 2
28 2 1 1 1 1 2
29 2 2 1 1 1 2
30 2 2 2 2 1 1
31 2 2 2 2 2 2
32 2 1 2 2 2 2
33 2 1 1 1 1 2
34 2 1 2 2 1 1
35 2 2 2 2 2 2
36 2 2 1 2 2 2
37 2 1 2 2 2 2
38 2 2 2 1 1 1
39 2 2 2 2 2 2
40 1 2 2 2 1 2
41 1 2 1 1 1 2
42 2 2 1 2 2 2
43 2 2 2 2 2 2
44 2 2 1 1 2 2
45 2 1 2 1 2 2
46 1 2 2 2 2 2
47 2 1 2 1 2 1
48 1 1 1 2 1 2
49 2 2 2 2 2 2
50 2 2 2 2 2 2
51 1 2 1 1 1 1
52 1 2 1 1 1 1
53 1 2 1 1 1 2
54 1 1 1 2 1 1
55 2 2 1 2 2 2
56 2 1 2 2 2 2
57 2 2 2 2 2 2
58 1 1 1 2 2 2
59 2 2 2 2 2 2
60 1 1 1 1 2 2
61 2 1 1 2 2 2
62 2 2 2 2 2 2
63 1 1 2 2 2 2
64 2 2 2 2 2 2
65 2 1 2 1 1 1
66 1 1 1 1 1 1
67 1 2 1 2 1 2
68 2 1 2 1 1 2
69 2 1 1 1 2 1
70 2 2 1 2 1 1
71 2 2 2 2 2 2
72 2 2 2 2 2 2
73 2 2 2 2 2 2
74 2 2 2 2 2 2
75 2 2 2 2 2 2
76 2 1 1 1 2 1
77 1 2 2 2 2 2
78 2 2 2 2 2 2
79 1 2 1 1 1 2
80 2 2 2 2 2 2
81 2 1 2 2 2 1
82 1 2 2 1 1 1
83 1 1 1 1 1 1
84 2 1 2 1 2 2
85 2 2 2 2 2 1
86 1 1 1 1 1 2
87 1 1 1 2 2 2
88 2 2 2 2 1 2
89 1 1 1 2 2 1
90 1 1 2 1 1 1
91 2 2 2 2 2 2
92 2 2 2 1 2 2
93 2 2 2 2 2 2
94 2 1 1 1 1 1
95 2 2 1 1 2 2
96 1 2 1 2 2 2
97 1 1 1 1 1 1
98 2 2 2 2 2 2
99 1 2 1 1 1 1
100 1 2 1 2 2 1
101 2 1 1 1 1 2
102 1 1 1 1 2 1
103 1 2 1 2 1 1
104 2 2 2 1 1 1
105 2 2 2 2 2 1
106 2 2 2 1 1 2
107 1 1 2 2 1 1
108 2 2 2 2 2 2
109 2 2 2 2 2 2
110 2 1 2 2 2 2
111 2 1 1 2 1 1
112 1 2 1 1 2 2
113 2 1 1 1 2 2
114 1 1 1 1 1 1
115 2 2 2 2 1 2
116 1 1 1 2 1 1
117 1 2 2 1 1 1
