1 1 1 1 1 1 2
2 1 2 1 2 2 2
3 2 2 2 2 2 2
4 1 2 1 2 1 1
5 2 2 1 2 2 2
6 1 2 2 1 1 2
7 2 2 2 2 2 2
8 2 2 2 2 2 2
9 2 1 2 2 1 2
10 2 2 1 2 1 2
11 1 1 1 1 2 1
12 1 2 2 2 2 1
13 2 1 2 2 2 2
14 1 1 1 1 1 2
15 1 2 2 2 2 2
16 1 2 2 2 1 1
17 2 1 2 1 2 1
18 2 1 2 2 1 2
19 1 1 2 1 1 1
20 1 1 2 1 1 1
21 2 2 2 2 1 2
22 2 2 2 2 2 2
23 2 2 1 2 2 1
24 1 1 2 1 1 1
25 1 2 2 2 2 2
26 1 2 1 1 2 2
27 1 2 2 1 2 1
28 2 2 2 2 2 2
29 2 2 2 2 1 2
30 1 1 2 2 1 1
31 2 1 2 1 2 2
32 1 1 2 2 2 2
33 2 2 2 2 1 2
34 1 2 1 2 2 1
35 1 1 1 1 2 2
36 2 1 2 2 2 2
37 1 1 2 1 2 2
38 1 1 2 1 1 1
39 1 1 2 1 2 2
40 1 1 1 1 1 1
41 1 1 1 1 1 1
42 2 2 2 2 2 2
43 1 1 1 1 2 2
44 1 1 2 2 2 2
45 2 2 2 2 2 2
46 1 1 2 1 1 2
47 1 2 2 2 2 2
48 2 2 2 1 2 1
49 1 2 2 2 2 2
50 2 1 1 1 1 2
51 1 1 1 1 1 1
52 1 1 2 1 2 1
53 2 2 2 2 1 2
54 2 2 2 1 2 2
55 2 1 1 1 1 1
56 1 2 2 1 2 2
57 2 2 2 2 2 1
58 1 2 2 2 2 1
59 2 2 2 2 2 2
60 1 1 1 1 1 2
61 1 2 2 1 2 2
62 1 1 2 2 2 1
63 2 2 2 2 2 2
64 1 1 2 2 2 1
65 1 2 2 2 1 1
66 1 2 2 2 2 1
67 2 2 1 1 1 1
68 1 1 1 1 2 1
69 2 2 2 2 1 2
70 2 2 2 2 2 2
71 2 2 2 2 2 2
72 1 1 1 1 1 1
73 1 1 1 2 2 1
74 2 2 2 2 1 2
75 2 2 2 2 2 2
76 1 2 2 2 2 2
77 2 1 1 1 1 1
78 2 1 2 2 2 1
79 1 1 1 1 1 1
80 1 1 1 1 1 1
81 1 1 1 1 1 2
82 1 1 1 1 1 1
83 1 1 1 2 2 2
84 2 2 2 1 2 2
85 1 1 1 1 1 2
86 1 1 1 1 1 1
87 1 1 2 1 2 2
88 2 1 2 2 2 2
89 1 1 1 1 1 1
90 2 2 2 2 2 2
91 1 1 1 2 1 1
92 2 2 2 2 2 2
93 2 2 2 2 2 2
94 1 1 2 2 2 2
95 2 2 1 1 1 1
96 1 2 2 2 2 2
97 1 1 2 1 2 1
98 2 1 2 1 2 1
99 1 1 1 1 1 1
100 1 2 2 1 1 2
101 1 1 2 1 1 2
102 1 2 2 2 2 2
103 1 1 1 2 1 1
104 1 1 1 1 1 1
105 2 2 2 2 2 2
106 2 1 2 2 2 1
107 1 1 1 1 1 1
108 2 2 2 2 1 2
109 2 2 2 2 2 2
110 2 2 2 2 2 2
111 1 1 2 2 1 1
112 2 2 2 1 2 2
113 2 2 2 2 2 2
114 1 1 1 2 2 2
115 1 1 1 2 2 2
116 2 2 2 2 2 2
117 1 1 1 2 1 1
118 1 1 2 1 2 2
119 1 1 1 2 1 2
120 1 2 1 2 1 2
121 1 1 2 1 1 1
122 1 2 2 2 2 2
123 2 2 2 1 2 2
124 2 1 2 2 2 2
125 1 2 2 1 2 1
126 2 2 2 2 2 2
127 1 2 2 1 2 1
128 1 2 2 2 1 2
129 2 2 2 1 2 2
130 1 2 2 1 1 1
131 2 2 2 2 2 2
132 2 1 1 2 2 1
133 2 1 1 2 2 1
134 1 1 2 1 2 2
135 1 2 2 2 2 2
136 1 1 1 2 2 1
137 1 2 1 1 1 1
138 2 1 2 2 2 2
139 1 1 1 1 1 2
140 2 1 2 2 2 2
141 1 1 2 2 2 2
142 2 2 2 2 2 1
143 1 1 2 2 2 2
144 2 2 2 2 2 2
145 2 2 2 2 2 1
146 2 2 2 2 2 2
147 2 2 2 1 2 2
148 1 1 1 1 1 1
149 1 1 1 1 1 1
150 1 1 1 1 1 2
151 1 2 2 1 1 2
152 1 2 2 2 2 2
153 2 2 2 1 1 1
154 1 1 2 1 2 1
155 1 1 1 2 1 2
156 1 2 2 2 1 1
157 1 1 2 1 2 1
158 2 2 2 1 1 1
159 2 2 2 2 2 2
160 1 1 1 1 1 1
161 2 2 2 2 2 1
162 2 2 2 2 2 2
163 2 2 2 2 2 2
164 1 1 1 1 1 1
165 1 1 1 1 1 1
166 2 2 2 2 2 2
167 2 2 1 2 1 1
168 1 2 2 2 1 2
169 2 1 1 1 1 1
170 2 2 2 2 2 2
171 2 1 2 2 1 2
172 1 1 1 1 1 1
173 2 2 2 2 2 2
174 1 1 1 1 2 2
175 2 2 2 1 2 2
176 1 1 1 2 2 1
177 2 2 2 2 2 2
178 1 1 2 1 2 2
179 1 1 1 1 1 1
180 1 1 2 1 2 2
181 2 2 2 2 2 2
182 2 2 2 2 1 2
183 1 1 1 1 1 1
184 2 1 1 1 2 2
185 1 2 2 2 2 2
186 1 1 2 2 1 1
187 2 1 2 2 2 2
188 2 2 2 2 2 2
189 1 1 1 1 1 1
190 1 2 1 2 2 1
191 2 2 2 2 2 2
192 2 1 2 1 2 2
193 1 2 2 2 2 2
194 1 1 1 1 1 1
195 1 2 1 2 2 1
196 1 1 1 1 2 2
197 2 2 1 1 2 1
198 1 1 2 1 2 2
199 2 2 1 2 2 2
200 2 2 2 2 2 2
201 1 2 1 2 2 1
202 1 2 1 1 1 1
203 1 2 2 2 2 2
204 1 1 1 1 2 2
205 2 2 1 1 1 2
206 1 1 1 2 1 1
207 2 2 2 2 1 1
208 1 2 1 2 1 1
209 1 2 1 1 1 2
210 1 1 2 1 1 1
211 1 1 1 1 1 1
212 1 1 1 2 1 1
213 2 2 2 2 2 2
214 1 2 2 2 2 2
215 2 2 2 1 2 2
216 1 1 1 2 2 1
217 2 2 2 2 2 2
218 2 1 1 1 1 1
219 1 2 2 2 2 1
220 1 1 1 1 1 1
221 2 1 1 2 1 1
222 1 2 2 2 1 2
223 2 2 1 1 1 2
224 2 2 2 2 2 2
225 2 1 2 1 1 2
226 1 1 1 1 1 1
227 2 2 2 2 2 2
228 2 1 1 1 1 1
229 1 1 1 1 2 1
230 2 2 2 2 2 1
231 2 2 2 2 1 2
232 1 1 1 2 2 1
233 1 2 1 2 2 2
234 2 1 1 1 1 1
235 2 2 1 2 2 2
236 1 1 2 2 1 2
237 2 1 2 2 2 2
238 2 1 2 1 2 1
239 1 1 1 1 1 1
240 2 1 1 2 1 2
241 1 1 2 1 2 1
242 1 1 1 2 1 1
243 1 1 1 2 1 2
244 2 2 2 1 2 2
245 1 1 2 2 1 1
246 2 2 2 2 1 2
247 2 2 2 2 2 2
248 1 1 1 2 2 1
249 2 2 2 1 2 1
250 2 1 1 1 2 1
251 1 2 2 1 1 2
252 2 1 1 1 2 1
253 1 1 1 2 1 1
254 1 2 2 1 1 2
255 1 1 2 1 1 2
256 2 2 2 2 1 2
257 2 2 2 2 1 2
258 2 2 2 2 2 2
259 1 2 1 2 1 2
260 1 1 2 1 2 2
261 1 2 1 1 1 2
262 2 2 2 2 2 2
263 1 1 2 2 2 2
264 1 2 2 2 2 2
265 1 1 1 1 1 2
266 1 1 1 1 1 2
267 1 2 1 1 1 1
268 2 2 2 2 1 2
269 2 2 2 2 2 1
270 1 2 1 1 1 2
271 2 2 2 1 2 1
272 1 2 2 1 1 1
273 2 2 2 2 2 2
274 2 2 2 2 2 2
275 2 2 2 2 2 2
276 2 2 1 1 2 2
277 2 2 2 2 2 1
278 2 1 2 1 1 2
279 2 2 2 2 2 2
280 1 1 1 2 2 1
281 2 2 2 2 2 2
282 2 2 2 2 2 2
283 1 2 2 1 1 2
284 2 2 2 2 2 2
285 1 2 2 2 2 1
286 1 1 2 1 1 2
287 1 2 2 2 2 2
288 1 1 2 1 1 1
289 2 2 2 1 2 2
290 2 2 2 2 2 2
291 2 2 2 2 2 2
292 2 2 2 2 2 2
293 2 1 2 2 1 2
294 1 1 1 1 1 1
295 1 2 1 1 1 1
296 2 2 2 2 2 2
297 2 1 2 2 2 2
298 1 2 2 2 2 2
299 2 2 2 2 2 2
300 1 2 2 2 1 1
301 1 2 1 2 2 2
302 1 1 1 2 2 2
303 1 2 1 2 1 1
304 2 2 1 2 2 2
305 2 1 1 1 1 1
306 2 2 2 2 2 2
307 2 2 2 2 2 1
308 2 1 2 2 2 2
309 2 2 1 2 1 2
310 2 2 2 1 2 2
311 1 2 1 1 1 1
312 1 1 1 1 1 1
313 2 2 2 2 2 2
314 2 2 1 2 1 2
315 1 1 2 1 2 2
316 2 1 2 2 2 2
317 2 2 2 1 1 2
318 1 1 2 2 1 2
319 2 1 2 2 1 2
320 1 2 1 1 2 1
321 2 1 2 2 2 2
322 2 2 2 1 2 1
323 2 2 2 2 2 2
324 2 2 1 2 2 2
325 2 2 1 2 1 2
326 1 1 1 1 1 1
327 2 1 1 1 1 2
328 1 1 1 2 2 1
329 1 1 1 2 2 2
330 1 2 1 1 2 2
331 2 2 2 2 2 2
332 2 2 2 2 2 2
333 1 1 1 2 1 1
334 1 2 2 2 2 2
335 1 1 2 1 2 1
336 2 1 1 2 2 2
337 2 2 2 2 2 2
338 2 2 2 2 2 2
339 1 2 2 1 2 2
340 2 1 2 2 1 2
341 1 1 1 1 1 1
342 1 2 2 1 1 2
343 2 2 1 2 2 1
344 1 1 1 1 1 1
345 2 2 2 2 1 2
346 1 2 1 2 1 2
347 1 2 2 2 1 2
348 1 2 2 2 2 2
349 2 2 2 2 2 2
350 1 1 1 1 1 1
351 2 1 1 1 1 1
352 1 2 1 2 2 2
353 2 2 2 2 2 2
354 1 2 2 2 2 2
355 1 2 1 2 2 2
356 1 2 2 2 2 2
357 1 1 1 1 1 1
358 2 2 2 2 2 2
359 2 2 2 2 2 2
360 2 2 1 1 1 2
361 2 2 2 2 2 2
362 2 2 1 1 2 1
363 1 1 1 2 1 2
364 1 2 2 1 2 2
365 2 2 2 2 2 2
366 1 2 2 2 1 1
367 2 2 1 1 2 2
368 2 2 2 2 2 1
369 2 2 2 1 1 2
370 2 1 2 2 2 2
371 1 2 1 1 1 1
372 2 2 2 2 2 2
373 2 2 2 2 2 1
374 2 1 1 2 2 2
375 1 1 1 1 2 1
376 1 1 2 2 2 1
377 1 2 2 2 2 2
378 1 2 1 1 2 1
379 2 2 2 2 2 2
380 1 1 1 2 1 1
381 1 2 1 1 2 1
382 2 2 2 2 2 1
383 2 1 2 1 2 2
384 1 1 1 1 1 2
385 2 1 2 2 2 2
386 2 2 2 2 2 2
387 2 2 2 2 2 2
388 1 2 2 2 1 2
389 2 2 2 2 2 1
390 1 2 1 1 1 2
391 1 1 1 2 2 2
392 2 2 2 2 2 2
393 1 2 2 2 1 1
394 2 2 2 2 2 2
395 1 2 1 1 2 2
396 1 1 1 2 1 1
397 1 2 2 1 1 2
398 2 2 2 1 1 1
399 2 2 1 2 2 2
400 2 1 1 1 1 1
401 1 2 2 2 2 2
402 1 1 1 1 1 1
403 2 1 1 1 1 1
404 2 2 2 2 2 1
405 2 2 2 2 2 2
406 1 2 2 1 1 1
407 1 1 1 1 2 2
408 1 2 2 2 2 1
409 1 2 2 2 2 2
410 1 1 1 1 1 2
411 1 2 2 1 1 1
412 1 1 1 1 1 1
413 1 2 2 1 1 1
414 1 1 2 2 2 2
415 1 1 2 1 2 2
416 1 1 1 2 1 2
417 2 2 1 2 2 2
418 2 2 2 2 2 2
419 1 2 2 2 2 2
420 2 2 2 2 2 1
421 1 1 1 2 1 1
422 1 1 1 1 1 2
423 2 2 2 2 1 2
424 1 2 2 1 2 2
425 2 2 2 2 2 2
426 1 2 1 2 1 2
427 2 1 2 2 2 2
428 1 1 2 2 2 1
429 2 1 1 1 1 1
430 1 1 1 1 1 1
431 2 2 2 2 2 2
432 2 2 2 2 2 2
433 2 2 2 2 2 1
434 1 2 2 2 1 2
435 2 2 2 2 2 2
436 1 2 1 2 2 1
437 1 1 1 1 1 1
438 2 2 2 2 2 2
439 2 1 2 2 2 2
440 1 2 2 2 2 2
441 2 2 1 1 1 2
442 1 1 1 1 1 2
443 2 2 1 2 2 2
444 2 2 2 2 2 2
445 2 2 2 2 2 2
446 2 2 2 1 2 2
447 2 2 2 2 2 2
448 1 2 2 2 2 2
449 2 1 2 2 2 2
450 1 1 1 1 1 1
451 1 1 1 1 1 1
452 1 1 1 1 1 1
453 2 2 2 2 1 2
454 2 2 2 2 2 2
455 1 2 1 2 1 2
456 1 2 2 1 1 1
457 2 2 2 2 2 2
458 1 1 1 2 1 1
459 1 1 1 2 1 1
460 2 2 2 2 2 2
461 1 2 1 2 1 1
462 1 1 1 1 1 1
463 1 2 1 1 2 2
464 2 2 2 2 2 1
465 2 2 2 2 2 2
466 1 1 1 1 1 1
467 1 2 2 2 2 2
468 1 1 1 1 1 2
469 2 1 1 2 2 1
470 1 1 2 1 1 1
471 2 1 2 2 1 1
472 1 1 2 1 2 2
473 1 1 1 1 1 1
474 1 2 2 1 1 2
475 2 2 2 2 1 2
476 1 1 2 1 1 1
477 2 2 2 2 2 2
478 1 1 1 1 1 2
479 1 1 2 2 1 2
480 2 2 2 2 2 2
481 1 1 2 1 1 2
482 1 1 1 1 1 1
483 1 1 2 2 2 1
484 2 2 2 2 2 2
485 1 2 1 1 2 1
486 1 1 1 1 1 1
487 2 2 2 1 2 1
488 1 1 2 1 1 1
489 1 1 1 1 1 1
490 1 2 1 1 1 1
491 1 2 2 1 2 1
492 2 1 2 2 2 2
493 2 1 2 2 2 1
494 1 2 2 2 2 2
495 2 1 1 2 1 1
496 2 2 2 2 2 2
497 2 2 2 2 1 1
498 2 2 2 1 2 2
499 2 2 2 2 2 1
500 1 1 1 1 1 2
501 2 1 1 2 2 2
502 2 2 2 2 2 2
503 2 2 2 1 2 2
504 2 2 1 2 1 2
505 1 2 2 2 2 2
506 2 1 2 1 2 2
507 1 1 2 2 2 1
508 1 1 2 2 2 2
509 1 2 2 2 1 1
510 2 1 1 1 1 2
511 2 1 2 2 2 2
512 2 2 2 2 1 2
513 1 1 2 1 1 2
514 1 1 1 1 2 1
515 1 1 2 2 2 1
516 2 1 1 1 2 1
517 1 1 1 1 1 2
518 1 1 1 1 1 1
519 2 1 2 2 2 2
520 2 2 2 2 2 2
521 2 1 2 2 2 1
522 1 2 2 2 1 1
523 1 2 2 1 1 1
524 2 2 2 2 2 2
525 1 1 2 1 1 2
526 2 1 2 2 1 1
527 1 1 2 1 1 1
528 2 2 2 2 2 2
529 2 2 2 2 2 2
530 2 1 2 2 2 2
531 1 2 2 1 1 2
532 1 1 1 1 1 1
533 1 1 2 1 1 2
534 2 1 2 2 1 2
535 2 2 1 2 2 2
536 2 2 2 2 2 2
537 1 1 1 1 1 1
538 2 2 2 2 2 2
539 2 1 1 2 1 1
540 1 1 2 1 1 2
541 1 2 2 2 2 2
542 2 2 2 2 1 1
543 2 2 2 1 1 1
544 2 2 2 2 2 2
545 1 2 1 1 1 1
546 2 1 1 2 2 1
547 1 2 2 2 2 2
548 2 2 2 2 2 1
549 1 1 1 1 1 1
550 2 2 2 2 1 2
551 2 1 1 1 2 1
552 2 1 1 1 1 1
553 1 2 1 1 1 1
554 2 2 2 2 2 1
555 1 2 1 1 1 1
556 1 2 1 2 1 2
557 1 1 2 2 2 1
558 1 1 2 2 1 1
559 2 2 2 2 1 2
560 2 2 1 2 2 1
561 2 2 1 1 2 2
562 2 1 2 2 2 2
563 1 2 2 2 2 2
564 1 1 1 1 1 1
565 1 2 2 1 2 2
566 2 2 2 1 2 2
567 2 1 2 1 1 2
568 2 2 2 2 1 2
569 1 2 1 2 2 2
570 2 1 1 1 1 1
571 1 1 2 2 1 2
572 2 2 2 2 2 2
573 2 1 2 2 2 2
574 2 2 2 2 2 1
575 2 2 2 2 2 2
576 1 2 2 2 1 1
577 2 2 2 2 2 1
578 2 1 2 2 2 2
579 1 2 1 1 1 1
580 2 2 2 2 2 2
581 2 2 2 2 1 1
582 1 2 2 2 2 2
583 2 1 1 2 1 1
584 2 2 2 2 2 2
585 1 2 2 2 2 2
586 1 1 2 2 1 1
587 1 2 2 2 1 1
588 1 1 2 1 1 1
589 1 2 1 2 1 1
590 2 2 2 2 1 2
591 1 1 1 1 1 1
592 2 2 1 2 2 2
593 1 1 1 2 2 2
594 2 2 2 2 2 2
595 2 2 1 1 1 1
596 1 2 1 2 1 1
597 2 2 2 2 2 2
598 1 1 1 1 1 1
599 1 1 2 2 2 1
600 1 2 2 1 2 2
601 1 2 1 1 2 1
602 2 2 2 2 2 2
603 1 2 1 1 1 2
604 2 1 2 2 2 2
605 1 1 1 1 1 1
606 1 2 2 2 2 2
607 2 1 2 1 1 1
608 1 2 2 2 2 1
609 2 1 1 2 1 1
610 1 1 1 2 2 2
611 2 2 2 1 1 1
612 1 2 2 2 1 2
613 1 1 2 1 2 1
614 1 1 1 2 2 2
615 1 1 1 1 1 1
616 2 1 1 1 2 2
617 1 2 2 2 2 1
618 1 2 2 2 2 2
619 2 2 2 1 2 2
620 1 1 1 1 1 1
621 2 2 2 1 1 1
622 1 1 2 1 1 1
623 1 1 1 1 1 1
624 2 2 2 1 1 2
625 1 2 2 2 1 2
626 2 1 1 1 1 2
627 2 2 2 2 2 2
628 2 2 2 1 1 2
629 1 1 2 2 2 2
630 1 1 2 2 1 1
631 2 2 2 2 2 2
632 1 2 2 2 2 2
633 1 1 2 1 2 2
634 2 1 2 1 1 2
635 1 2 1 2 1 2
636 1 2 2 1 1 2
637 1 1 1 1 1 1
638 1 1 2 1 1 1
639 2 2 2 2 1 2
640 2 2 2 2 2 2
641 2 2 2 2 2 2
642 1 2 1 2 2 2
643 1 2 2 2 2 2
644 1 1 1 1 2 2
645 2 1 2 1 2 2
646 1 1 2 1 2 2
647 1 2 2 2 1 1
648 1 1 2 2 1 1
649 1 1 1 1 1 2
650 2 2 2 2 2 2
651 1 1 1 2 1 1
652 1 2 2 1 1 2
653 2 2 2 2 2 2
654 2 2 2 2 2 2
655 2 1 1 1 2 2
656 1 2 1 2 2 2
657 2 1 1 1 1 1
658 1 1 2 2 1 1
659 2 1 2 2 2 2
660 1 2 1 1 1 1
661 2 2 2 2 2 2
662 1 2 2 2 2 2
663 2 1 1 2 1 1
664 1 1 1 1 1 1
665 2 2 2 2 2 2
666 2 1 2 2 2 2
667 1 2 1 1 1 1
668 2 1 2 2 2 1
669 2 2 2 2 2 2
670 1 2 2 2 2 2
671 1 2 1 1 2 2
672 1 1 1 1 1 1
673 2 1 1 2 2 1
674 1 1 2 1 1 1
675 2 2 2 2 2 1
676 2 2 2 2 1 2
677 1 1 1 1 1 1
678 2 1 1 1 1 1
679 2 2 2 2 2 2
680 1 2 2 2 2 2
681 1 1 1 2 1 1
682 1 1 1 1 1 2
683 2 1 2 2 2 2
684 2 2 2 2 2 2
685 1 1 1 2 1 1
686 1 1 2 2 2 2
687 1 2 1 1 1 1
688 1 1 1 1 2 2
689 1 1 2 2 1 1
690 2 1 2 1 2 2
691 1 2 2 1 2 2
692 2 2 2 2 2 2
693 2 2 2 2 2 2
694 1 2 2 1 2 1
695 2 2 2 1 2 2
696 2 2 1 1 2 2
697 1 1 1 1 1 2
698 2 2 2 1 1 2
699 2 2 2 2 2 2
700 2 2 2 2 2 2
701 1 2 1 2 1 2
702 2 2 2 2 1 2
703 2 2 2 2 1 2
704 1 2 2 1 1 2
705 2 1 1 2 1 1
706 2 2 2 2 2 2
707 2 2 2 2 2 2
708 1 2 2 2 1 2
709 2 2 2 2 2 2
710 1 1 1 1 1 1
711 2 2 2 2 2 2
712 1 1 2 2 2 2
713 2 1 1 2 1 1
714 2 1 2 2 2 2
715 2 1 2 1 2 1
716 2 1 2 2 2 2
717 1 2 2 2 2 2
718 2 2 1 1 2 2
719 1 1 1 1 2 1
720 2 1 2 2 1 2
721 2 2 2 2 2 2
722 2 2 2 1 2 2
723 1 1 1 1 2 2
724 1 2 1 1 2 2
725 2 2 2 2 2 2
726 1 1 2 2 2 2
727 2 2 2 2 2 2
728 1 2 2 1 2 1
729 1 2 2 2 2 2
730 2 2 2 2 2 2
731 2 2 2 2 2 2
732 1 1 2 1 1 1
733 2 2 2 2 2 2
734 1 1 2 2 2 2
735 2 1 2 2 2 2
736 1 2 2 2 1 1
737 2 1 2 2 2 2
738 1 2 2 2 1 2
739 1 1 2 1 2 1
740 2 2 2 2 2 2
741 1 2 1 1 1 1
742 2 2 2 2 2 2
743 2 1 2 2 2 2
744 2 2 2 2 2 2
745 1 1 1 1 2 1
746 1 1 1 1 1 1
747 2 2 2 2 2 2
748 2 2 2 2 2 2
749 2 2 2 2 2 2
750 2 2 2 2 2 1
751 2 2 2 2 2 2
752 2 2 2 2 1 2
753 2 1 2 2 2 2
754 1 2 1 1 2 2
755 1 1 1 1 2 1
756 2 1 1 2 2 2
757 1 1 2 2 1 2
758 1 2 1 1 1 2
759 2 1 2 2 1 2
760 2 1 1 1 1 1
761 2 2 2 2 2 2
762 2 1 1 1 1 2
763 1 2 2 2 1 1
764 2 2 2 2 2 2
765 1 2 1 1 1 1
766 2 2 2 2 1 2
767 1 1 1 1 2 2
768 2 2 2 1 1 1
769 1 2 1 2 2 2
770 2 2 2 2 2 2
771 1 2 1 2 2 2
772 2 1 2 1 2 2
773 1 2 1 2 1 2
774 2 1 2 1 2 1
775 1 2 2 2 1 2
776 2 1 2 1 1 1
