1 2 2 2 2 2 2
2 2 2 2 2 2 1
3 2 2 2 2 2 2
4 2 2 2 2 2 2
5 2 2 2 2 2 1
6 2 2 2 2 1 2
7 1 2 1 2 1 2
8 2 2 1 1 1 1
9 2 1 1 1 1 1
10 1 1 1 1 1 1
11 2 2 1 1 2 2
12 1 1 1 1 2 2
13 2 2 2 2 2 2
14 1 2 1 2 1 2
15 1 1 1 1 1 1
16 2 2 1 1 1 2
17 2 2 2 2 2 2
18 1 2 2 2 2 2
19 2 2 2 2 2 1
20 2 2 2 2 2 2
21 2 1 2 2 2 1
22 1 1 1 2 1 1
23 2 2 2 2 2 2
24 2 2 2 2 2 2
25 1 2 2 1 1 2
26 2 1 1 1 2 1
27 2 2 2 2 2 2
28 1 2 1 2 1 1
29 2 2 2 2 2 2
30 1 2 1 2 2 2
31 1 2 1 2 2 1
32 2 2 2 2 2 2
33 1 2 2 2 2 2
34 2 2 2 2 2 2
35 2 2 2 2 2 1
36 2 2 2 2 2 2
37 2 2 1 2 1 1
38 1 1 2 2 2 1
39 1 1 1 1 2 2
40 2 2 2 2 2 2
41 1 2 1 1 2 1
42 1 2 2 2 1 1
43 2 2 1 1 2 1
44 1 1 1 1 1 1
45 2 2 2 2 2 2
46 1 1 2 1 1 1
47 2 1 1 2 1 2
48 2 1 1 1 2 1
49 2 2 2 1 2 2
50 2 2 2 2 2 2
51 1 2 2 1 2 2
52 1 2 1 2 2 2
53 2 2 2 1 2 1
54 2 1 2 1 2 2
55 2 1 2 2 1 2
56 1 1 1 1 1 1
57 2 2 1 1 2 2
58 1 2 1 2 2 1
59 1 1 2 2 1 2
60 1 2 2 1 1 1
61 1 1 1 1 1 1
62 1 2 1 2 1 1
63 1 1 1 1 2 2
64 2 2 2 2 2 2
65 2 2 1 2 2 2
66 1 2 1 2 2 1
67 2 2 2 2 2 2
68 2 2 2 1 2 2
69 1 2 2 2 1 1
70 2 1 2 2 2 1
71 2 2 2 1 2 2
72 2 1 2 2 1 1
73 2 2 1 2 1 2
74 1 2 2 2 2 1
75 1 2 1 2 1 1
76 2 2 2 2 1 2
77 1 1 1 2 2 2
78 2 2 2 2 2 2
79 1 2 2 2 2 2
80 1 2 2 2 2 2
81 2 1 1 2 1 2
82 2 1 2 1 1 1
83 2 1 1 1 1 1
84 2 2 2 1 1 2
85 1 2 2 2 1 2
86 1 1 1 2 2 2
87 1 2 1 1 2 2
88 1 2 2 1 2 1
89 2 1 1 1 1 1
90 2 2 2 2 1 1
91 2 2 2 2 2 2
92 2 2 2 2 2 2
93 1 2 2 1 2 1
94 2 2 2 2 2 2
95 2 2 1 1 1 1
96 2 2 2 2 2 2
97 2 2 2 2 2 2
98 2 2 1 1 2 2
99 1 1 1 2 2 2
100 2 2 2 2 2 2
101 2 1 2 2 2 1
102 2 2 2 2 2 2
103 2 1 2 1 1 2
104 1 2 2 2 2 2
105 1 2 2 1 2 1
106 2 2 1 2 1 2
107 2 1 1 1 1 2
108 1 2 2 2 2 2
109 2 2 1 1 1 1
110 2 2 2 1 2 1
111 2 2 2 1 2 2
112 2 1 2 2 2 1
113 2 1 2 1 2 2
114 1 1 1 2 1 2
115 2 2 2 1 2 2
116 1 2 1 2 2 2
117 2 2 2 1 2 2
118 2 2 2 2 1 2
119 1 1 1 2 1 1
120 1 1 1 1 1 1
121 2 1 1 1 1 1
122 1 2 1 1 1 1
123 2 2 2 2 2 2
124 2 1 2 2 2 2
125 2 2 2 2 2 2
126 1 2 2 2 1 2
127 1 2 2 2 1 1
128 1 1 2 1 1 1
129 1 1 2 1 1 1
130 2 2 1 1 1 1
131 2 2 2 1 2 2
132 2 1 2 1 1 1
133 2 2 2 2 2 2
134 2 2 2 2 2 2
135 2 1 1 1 1 1
136 1 2 2 2 2 2
137 2 2 2 2 2 2
138 2 2 2 2 2 2
139 2 2 2 2 2 2
