1 2 2 1 2 1 2
2 1 2 2 2 1 1
3 2 2 2 2 2 2
4 2 2 2 2 2 1
5 2 1 2 1 1 1
6 2 2 2 2 1 1
7 2 1 1 1 1 1
8 2 2 1 2 2 2
9 1 1 1 1 1 1
10 1 2 2 1 1 2
11 2 1 1 1 1 1
12 1 1 2 2 1 1
13 2 2 2 2 1 1
14 1 2 2 2 1 1
15 2 2 2 2 1 2
16 1 1 2 1 1 1
17 1 2 1 2 2 2
18 2 1 1 2 1 2
19 2 1 1 1 2 2
20 1 1 2 1 1 2
21 2 2 2 2 2 2
22 2 2 1 1 2 1
23 2 1 2 2 1 1
24 2 2 2 2 2 1
25 1 2 2 2 2 2
26 2 2 1 2 2 2
27 2 2 1 2 1 1
28 2 2 2 2 1 2
29 2 1 1 1 2 1
30 2 2 2 1 2 2
31 2 2 1 2 1 2
32 1 1 1 1 1 2
33 2 1 2 2 2 1
34 2 1 2 2 1 1
35 2 2 2 1 1 2
36 1 2 2 1 1 1
37 2 1 1 2 2 2
38 2 2 1 2 1 1
39 1 1 1 1 1 1
40 1 1 2 2 2 1
41 2 1 1 2 2 2
42 1 2 2 2 2 2
43 2 2 1 2 1 2
44 2 1 2 1 1 1
45 1 1 2 2 1 1
46 1 2 2 2 1 2
47 1 2 2 1 2 1
48 2 2 1 1 1 1
49 2 1 1 2 2 1
50 2 2 2 2 1 2
51 1 1 1 1 1 1
52 2 2 1 2 1 1
53 2 2 2 2 1 2
54 2 2 2 2 2 1
55 1 1 1 1 1 1
56 2 1 2 1 2 2
57 2 2 2 2 2 2
58 1 1 2 1 1 1
59 2 2 2 2 1 2
60 2 1 2 2 2 2
61 1 2 2 1 2 2
62 1 2 2 2 2 1
63 2 2 2 2 2 2
64 2 1 2 1 2 1
65 2 2 1 2 1 2
66 2 1 2 2 2 1
67 2 1 1 2 1 1
68 1 1 2 2 2 2
69 1 1 2 2 2 2
70 2 1 1 2 2 2
71 1 2 2 1 2 2
72 2 1 1 2 1 1
73 2 1 2 2 2 2
74 2 1 2 1 2 2
75 1 1 1 2 2 1
76 2 2 2 1 2 2
77 1 2 1 2 2 1
78 1 2 2 2 2 2
79 2 2 2 2 2 2
80 2 2 2 2 2 2
81 2 1 2 2 1 2
82 2 2 2 1 1 2
83 2 2 1 2 1 1
84 1 1 2 1 1 1
85 1 1 2 1 1 2
86 1 2 2 2 1 2
87 1 1 2 2 2 2
88 2 2 2 2 2 2
89 1 1 1 1 1 1
90 2 1 2 1 1 2
91 2 2 1 1 1 2
92 2 2 2 2 2 2
93 1 2 2 2 2 2
94 2 2 2 2 2 1
95 1 1 1 1 1 1
96 1 1 1 1 1 1
97 1 2 1 1 1 1
98 2 2 2 2 2 2
99 2 2 2 2 1 2
100 1 1 2 1 1 1
101 1 1 1 1 2 2
102 2 2 1 2 1 2
103 1 1 1 1 1 2
104 1 1 1 1 2 2
105 1 1 1 1 1 1
106 1 2 2 2 2 2
107 2 2 1 2 1 1
108 1 2 2 2 1 2
109 2 2 2 1 1 1
110 2 2 1 2 1 1
111 2 1 2 2 2 2
112 2 2 2 1 2 2
113 2 2 2 2 2 2
114 1 1 2 2 1 1
115 1 2 2 2 2 1
116 2 2 2 1 2 2
117 1 1 2 2 2 2
118 2 1 1 2 1 2
119 2 2 2 2 1 2
120 1 1 1 2 1 2
121 1 1 2 2 1 1
122 2 2 2 2 1 1
123 2 1 2 1 1 1
124 2 1 2 1 1 1
125 1 1 2 1 1 2
126 2 1 2 2 2 2
127 1 1 2 1 1 1
128 1 2 2 2 2 1
129 1 2 2 1 2 1
130 1 1 2 1 1 2
131 2 2 1 2 2 1
132 1 1 1 1 1 1
133 1 2 1 1 1 2
134 1 1 2 2 2 2
135 1 2 1 2 1 1
136 2 2 2 2 2 2
137 1 2 2 2 1 2
138 1 2 1 1 1 1
139 2 2 2 1 2 2
140 1 1 1 2 1 2
141 2 1 1 2 1 1
142 1 1 2 2 1 1
143 2 1 1 2 2 2
144 1 1 1 2 2 2
145 2 1 2 1 1 1
146 2 1 1 1 1 1
147 2 1 2 2 1 2
148 1 1 2 1 1 1
149 2 1 1 1 1 1
150 1 1 2 1 1 1
151 2 2 2 2 1 2
152 1 1 2 1 2 1
153 2 2 2 1 1 2
154 1 1 1 1 2 2
155 2 1 1 1 1 2
156 2 1 2 2 2 1
157 1 1 1 1 1 1
158 2 1 1 2 2 2
159 1 1 1 2 1 1
160 2 2 2 2 2 2
161 2 2 2 2 2 2
162 1 2 1 2 2 2
163 1 2 2 1 1 1
164 2 2 1 2 2 2
165 1 2 1 2 1 2
166 2 2 1 1 1 2
167 2 1 1 2 2 1
168 1 1 2 2 1 1
169 2 1 2 2 2 2
170 1 1 1 2 1 2
171 1 2 2 1 2 2
172 1 2 2 2 2 2
173 1 2 2 2 1 1
174 2 2 2 1 1 2
175 1 2 2 2 2 2
176 2 2 2 2 2 2
177 2 1 2 2 2 2
178 2 2 2 2 2 2
179 1 2 2 2 2 1
180 1 1 2 2 1 2
181 1 1 2 1 1 2
182 2 1 2 1 2 2
183 2 2 2 1 2 2
184 2 2 1 2 1 2
185 1 2 1 2 1 1
186 1 2 1 1 1 2
187 1 1 2 1 1 1
188 2 1 1 1 2 1
189 2 1 2 1 2 1
190 2 2 2 1 1 2
191 2 2 2 2 2 1
192 1 1 2 2 2 1
193 1 1 2 2 2 1
194 1 2 2 2 1 2
195 2 2 1 1 2 2
196 1 1 2 2 2 1
197 1 2 2 2 1 1
198 2 2 2 1 1 1
199 2 1 2 2 2 1
200 2 2 1 2 2 2
201 2 1 1 1 2 2
202 2 1 1 1 2 2
203 2 2 1 1 1 2
204 2 2 2 1 2 1
205 1 2 2 2 2 1
206 1 1 1 1 1 2
207 1 1 1 2 2 2
208 1 1 2 2 1 1
209 1 1 1 1 1 1
210 1 1 2 2 2 2
211 1 2 1 2 1 1
212 1 1 2 2 2 2
213 1 1 1 1 1 2
214 1 1 1 1 2 1
215 1 1 2 2 2 2
216 1 1 2 2 1 2
217 2 1 1 2 2 1
218 1 2 2 1 1 1
219 1 1 1 1 2 1
220 2 1 2 2 2 2
221 2 2 2 2 2 2
222 1 1 1 2 1 1
223 1 1 1 2 2 1
224 2 1 1 2 2 1
225 2 1 1 2 1 1
226 2 2 2 2 1 1
227 2 1 1 2 2 1
228 2 2 2 2 2 1
229 2 2 2 1 2 2
230 2 1 2 2 1 1
231 2 2 2 2 2 1
232 2 2 1 1 1 1
233 1 2 1 2 2 2
234 2 2 2 2 2 1
235 1 2 1 2 1 1
236 2 1 2 2 1 2
237 2 1 1 2 2 2
238 1 2 2 1 2 1
239 2 2 2 2 1 2
240 2 1 2 2 2 2
241 2 2 1 2 2 1
242 2 2 1 2 1 1
243 2 1 2 2 2 2
244 1 1 1 2 2 2
245 2 1 2 2 1 1
246 1 1 2 2 2 1
247 1 2 1 1 2 2
248 2 2 2 2 2 1
249 2 1 1 1 1 1
250 2 1 1 2 1 1
251 2 1 2 2 2 2
252 1 2 2 2 2 2
253 1 2 2 2 1 1
254 1 1 2 1 1 1
255 1 2 1 2 2 1
256 2 2 2 2 1 1
257 2 1 2 2 2 1
258 2 1 1 1 1 1
259 1 2 2 2 1 1
260 2 2 2 2 1 2
261 2 2 1 2 2 2
262 2 1 1 2 1 2
263 2 2 2 2 2 2
264 1 1 1 2 2 2
265 2 1 2 2 1 1
266 2 2 2 1 1 2
267 2 2 2 2 2 2
268 1 1 1 1 2 1
269 1 2 2 2 2 2
270 2 2 1 2 2 2
271 1 2 2 2 1 1
272 1 2 1 2 2 2
273 2 1 2 1 2 2
274 1 1 2 1 1 1
275 2 2 2 1 1 1
276 1 2 2 2 1 2
277 1 1 1 2 2 2
278 2 2 1 2 2 2
279 1 2 2 1 1 1
280 1 2 1 1 1 1
281 2 2 2 2 2 2
282 2 2 2 2 1 2
283 2 2 1 2 2 2
284 1 1 1 1 1 1
285 2 1 2 2 2 2
286 1 1 1 2 2 1
287 1 1 2 2 2 2
288 1 1 1 1 1 2
289 2 2 2 2 2 2
290 2 2 2 2 1 1
291 1 1 1 1 1 1
292 2 1 2 2 2 2
293 2 2 2 2 2 2
294 2 2 1 1 2 2
295 2 2 2 2 2 2
296 2 2 1 2 1 2
297 2 2 2 2 2 2
298 2 1 2 2 2 2
299 2 1 2 2 2 1
300 2 2 2 2 1 2
301 2 2 1 1 2 2
302 2 2 2 1 1 2
303 1 2 2 2 2 2
304 1 1 2 1 1 1
305 1 1 1 1 2 1
306 2 1 1 1 1 1
307 2 2 2 1 2 2
308 2 2 2 2 2 2
309 1 1 1 1 2 2
310 2 2 2 1 1 1
311 2 2 2 1 2 1
312 2 1 2 2 2 2
313 1 2 2 2 1 1
314 2 1 2 2 2 1
315 1 2 2 2 1 2
316 2 2 2 1 1 2
317 2 2 2 1 2 2
318 2 2 2 2 2 2
319 1 1 2 2 2 2
320 2 2 2 2 2 2
321 2 2 2 2 2 1
322 2 2 2 2 2 2
323 2 2 2 2 2 2
324 2 2 2 2 2 2
325 2 2 2 1 2 2
326 2 1 1 1 1 2
327 1 1 2 2 2 2
328 1 2 1 2 1 2
329 2 2 2 2 1 2
330 1 2 2 2 2 2
331 1 1 1 1 1 1
332 2 1 2 2 2 1
333 1 2 2 2 2 2
334 1 2 2 1 1 1
335 1 2 1 2 2 1
336 2 2 1 1 1 2
337 1 1 2 2 2 2
338 2 2 2 1 2 2
339 1 2 1 1 1 1
340 1 2 1 2 1 2
341 2 2 2 2 2 2
342 2 2 1 2 1 1
343 1 2 1 2 2 1
344 2 2 1 1 1 1
345 1 1 2 2 1 2
346 2 2 2 2 1 1
347 2 1 2 1 2 1
348 2 2 2 2 2 2
349 2 2 2 2 1 1
350 2 2 2 2 2 2
351 2 2 2 2 2 2
352 2 1 2 1 1 1
353 1 2 2 2 1 2
354 1 1 1 2 1 2
355 1 1 1 1 1 1
356 2 1 2 2 2 1
357 1 1 1 1 2 1
358 1 1 1 1 1 2
359 1 1 1 2 2 1
360 2 2 2 1 2 1
361 2 1 1 2 1 1
362 2 2 2 2 1 2
363 1 2 2 1 1 1
364 2 1 1 2 2 2
365 2 2 2 2 2 2
366 1 2 1 1 1 1
367 1 1 2 2 1 2
368 1 2 2 1 1 1
369 2 2 2 2 2 2
370 1 1 2 1 2 2
371 2 1 1 2 1 2
372 1 2 2 2 1 1
373 1 1 1 2 1 1
374 2 2 2 2 1 2
375 1 1 2 2 2 1
376 1 1 2 2 2 2
377 1 1 2 1 1 2
378 2 2 2 1 1 2
379 1 1 1 2 1 1
380 1 2 1 2 2 2
381 2 2 1 2 1 2
382 2 1 2 2 1 2
383 2 2 2 1 2 2
384 2 2 2 2 2 1
385 2 2 2 2 1 2
386 2 2 2 1 2 1
387 1 1 1 2 1 2
388 1 1 1 1 1 2
389 1 1 2 1 1 1
390 2 2 2 2 1 1
391 2 2 2 2 2 2
392 1 2 2 2 2 1
393 1 2 2 1 1 2
394 1 2 2 1 1 2
395 1 1 1 1 1 2
396 2 2 2 2 2 2
397 1 2 2 1 1 2
398 1 1 1 1 1 1
399 2 2 1 1 1 2
400 2 1 2 2 2 1
401 2 2 2 2 1 2
402 1 2 1 1 2 2
403 2 1 2 2 2 1
404 2 1 2 2 2 2
405 1 2 2 1 1 1
406 1 2 2 2 1 1
407 1 1 2 2 2 2
408 1 2 1 1 1 2
409 1 1 2 1 1 2
410 2 1 2 2 2 2
411 1 1 1 1 2 2
412 2 2 1 2 2 1
413 1 2 2 1 1 2
414 1 2 1 2 2 1
415 1 2 2 2 1 1
416 2 2 2 2 1 1
417 1 1 2 2 1 1
418 2 2 2 2 2 2
419 1 1 1 2 2 1
420 2 1 1 2 2 1
421 2 2 1 1 1 1
422 2 2 2 2 1 1
423 2 1 2 2 1 1
424 2 1 2 2 2 1
425 2 2 2 2 1 2
426 1 2 2 2 1 1
427 2 2 2 1 1 1
428 1 1 2 2 2 2
429 1 1 1 1 1 2
430 1 2 2 2 2 2
431 1 1 2 2 2 1
432 1 2 1 1 1 1
433 1 2 1 1 2 2
434 1 1 2 2 1 2
435 1 2 2 2 1 1
436 2 1 1 1 2 2
437 2 2 1 2 2 1
438 1 1 2 2 1 2
439 2 2 2 2 1 1
440 2 2 2 2 1 1
441 1 1 2 2 1 2
442 1 1 2 2 2 2
443 2 2 1 1 1 2
444 2 2 2 2 2 2
445 2 2 2 2 2 2
446 2 2 2 1 2 2
447 1 2 1 1 1 2
448 2 2 2 2 2 2
449 2 1 1 1 1 1
450 1 1 2 1 2 1
451 1 1 1 2 2 2
452 2 2 2 2 2 2
453 1 2 2 2 1 1
454 2 2 1 1 1 2
455 2 1 2 2 2 2
456 2 1 2 2 2 1
457 2 2 2 2 2 2
458 2 1 1 2 2 2
459 1 1 2 2 2 2
460 2 1 2 2 1 2
461 2 2 2 2 2 2
462 2 1 2 2 2 2
463 2 2 2 1 2 2
464 2 1 1 1 1 1
465 2 1 2 2 1 2
466 1 2 2 2 1 2
467 2 2 1 2 1 1
468 2 2 2 2 2 2
469 2 1 2 2 2 1
470 2 2 2 1 1 2
471 1 1 1 1 2 1
472 2 1 1 1 1 1
473 2 2 1 2 2 1
474 1 2 2 2 1 1
475 2 1 1 1 2 1
476 1 2 2 2 2 2
477 2 1 1 1 1 1
478 2 2 2 1 2 2
479 1 1 1 2 1 1
480 1 2 2 2 1 2
481 2 2 1 2 2 1
482 2 1 1 2 2 1
483 2 2 1 2 2 1
484 2 1 2 2 2 1
485 2 1 2 2 1 1
486 2 2 2 2 2 2
487 1 1 2 2 1 1
488 2 1 2 2 1 1
489 2 2 1 2 1 1
490 1 2 1 2 1 2
491 1 2 2 2 1 2
492 2 2 1 2 2 1
493 1 1 1 1 1 1
494 2 2 2 2 2 2
495 2 2 2 2 2 2
496 2 2 1 2 1 1
497 2 2 1 1 2 2
498 1 1 1 2 1 1
499 1 2 2 2 1 2
500 2 2 2 2 2 1
501 2 2 2 2 1 2
502 2 2 1 1 1 1
503 2 2 1 2 2 1
504 2 2 2 2 2 2
505 1 1 1 1 1 1
506 1 1 1 1 1 1
507 2 2 2 2 1 1
508 1 2 2 2 2 2
509 2 2 1 2 2 1
510 2 1 2 2 1 1
511 2 1 2 2 2 1
512 1 1 2 1 2 2
513 1 1 2 1 1 2
514 2 2 2 1 1 2
515 2 1 1 1 1 1
516 2 2 2 2 2 2
517 2 2 1 1 2 2
518 1 2 1 1 2 1
519 2 2 1 2 1 2
520 2 1 1 2 1 2
521 1 1 1 2 1 1
522 2 2 2 1 2 2
523 2 2 2 1 2 2
524 1 1 1 2 1 1
525 2 2 2 1 2 2
526 2 2 2 2 2 1
