1 2 2 2 2 2 2
2 2 1 1 2 2 2
3 1 2 1 2 2 1
4 2 1 1 2 2 2
5 2 2 2 2 2 2
6 1 1 2 1 1 2
7 2 2 2 2 2 2
8 2 2 1 2 1 2
9 1 1 1 1 1 1
10 1 1 2 2 2 1
11 1 1 2 1 2 2
12 1 1 1 1 2 2
13 2 2 2 2 2 2
14 2 2 2 1 1 2
15 1 1 1 1 1 1
16 2 2 2 2 2 2
17 2 2 1 2 2 2
18 2 2 2 2 2 2
19 2 2 1 2 2 2
20 1 1 2 1 2 1
21 1 2 2 2 2 2
22 2 2 2 2 2 1
23 1 1 1 2 1 1
24 2 2 2 2 2 2
25 1 1 1 2 2 2
26 1 2 2 2 2 2
27 2 2 1 2 2 1
28 2 1 1 2 2 1
29 2 2 2 2 2 1
30 1 2 2 1 2 2
31 2 2 2 2 2 2
32 2 2 2 1 2 2
33 1 1 2 1 1 1
34 2 2 1 2 2 2
35 1 1 1 1 2 2
36 2 1 1 1 1 2
37 1 2 2 2 2 1
38 2 2 2 2 2 2
39 2 1 2 1 1 2
40 2 1 2 2 2 2
41 2 1 1 2 2 2
42 2 2 2 2 2 2
43 1 1 1 1 1 2
44 2 1 2 2 1 2
45 1 1 1 1 1 1
46 2 2 2 2 2 2
47 1 1 1 1 1 1
48 2 2 2 2 2 2
49 2 2 2 2 2 2
50 1 1 2 1 2 1
51 2 1 1 1 1 1
52 2 1 2 1 2 2
53 2 2 1 1 2 2
54 1 1 1 2 1 1
55 2 1 2 2 2 2
56 1 1 1 1 1 1
57 2 1 1 2 2 1
58 1 1 1 1 1 1
59 2 1 1 2 2 1
60 1 2 2 2 1 2
61 2 2 2 2 1 2
62 1 2 2 2 2 2
63 2 2 2 2 2 2
64 1 1 2 1 1 2
65 1 1 1 2 1 2
66 1 2 2 1 1 1
67 2 2 1 2 2 2
68 2 1 2 1 1 1
69 2 2 1 2 1 2
70 1 1 2 1 1 1
71 1 1 1 1 1 1
72 2 2 2 2 2 2
73 2 2 2 2 2 2
74 1 1 1 1 2 1
75 2 2 2 1 2 2
76 1 1 2 1 1 1
77 1 1 1 1 1 1
78 2 2 1 2 1 2
79 1 1 1 2 2 1
80 2 2 2 2 2 2
81 2 1 2 1 2 1
82 1 1 1 1 1 2
83 1 1 2 1 2 1
84 2 2 1 2 2 2
85 2 2 2 2 2 2
86 1 2 2 2 2 2
87 2 2 2 2 2 1
88 2 2 2 2 2 2
89 2 1 2 1 1 1
90 2 2 1 2 2 2
91 1 2 2 1 1 1
92 1 2 2 2 2 2
93 1 1 1 1 1 1
94 2 1 2 1 1 2
95 2 2 2 2 2 1
96 2 1 1 1 1 2
97 2 1 2 1 1 1
98 2 2 1 2 2 2
99 2 2 2 2 2 2
100 1 1 1 1 1 1
101 1 2 2 2 2 2
102 2 2 1 2 1 1
103 2 1 2 2 2 2
104 2 2 2 2 2 2
105 1 1 2 2 2 1
106 2 1 1 2 1 1
107 1 1 1 1 1 1
108 1 1 1 2 1 1
109 2 1 2 2 2 2
110 2 2 2 1 1 2
111 1 1 1 1 1 1
112 1 1 1 1 1 1
113 1 2 2 2 2 2
114 2 2 2 2 2 2
115 2 2 2 1 2 2
116 2 2 1 2 2 2
117 2 2 2 2 1 1
118 1 2 1 1 1 1
119 1 2 2 2 2 1
120 1 1 1 1 1 1
121 1 1 2 1 1 1
122 1 1 1 2 2 2
123 1 2 2 2 1 1
124 2 2 2 2 2 2
125 2 2 2 1 1 1
126 2 1 2 2 1 2
127 1 1 1 2 2 2
128 2 2 2 1 2 2
129 2 2 2 2 2 2
130 2 2 2 2 2 2
131 2 1 2 2 2 2
132 2 2 2 2 2 2
133 1 1 1 1 1 1
134 1 1 2 1 1 1
135 1 2 2 2 1 2
136 1 1 1 1 1 1
137 2 1 2 2 2 2
138 2 2 2 1 2 2
139 2 1 2 1 2 2
140 1 1 2 1 2 1
141 2 2 2 2 2 2
142 2 2 1 1 1 2
143 1 1 2 2 2 1
144 2 1 2 2 2 2
145 2 2 2 2 2 2
146 1 2 2 1 2 2
147 2 2 1 1 2 2
148 1 1 1 1 2 2
149 1 2 2 1 1 1
