1 2 2 2 2 2 2
2 2 2 2 2 1 2
3 1 2 1 2 1 2
4 2 2 2 1 2 1
5 2 2 2 2 2 2
6 1 1 2 2 2 1
7 1 1 2 1 1 1
8 2 2 2 2 2 1
9 2 2 1 2 2 2
10 2 2 2 2 2 2
11 2 1 2 2 1 2
12 1 1 2 1 1 2
13 1 2 2 2 1 2
14 1 2 2 1 2 2
15 2 2 1 2 2 1
16 1 1 2 1 2 1
17 2 1 2 1 1 2
18 2 2 2 2 2 2
19 1 1 1 1 1 2
20 1 2 2 2 1 1
21 1 1 2 2 1 2
22 2 1 1 2 2 2
23 2 2 2 2 2 1
24 2 2 2 2 2 2
25 1 1 1 1 2 1
26 1 2 2 2 2 2
27 2 2 2 2 2 2
28 2 2 2 2 2 2
29 2 2 2 2 2 1
30 1 1 1 2 2 1
31 1 1 1 1 1 1
32 2 2 2 2 2 2
33 2 2 2 2 2 1
34 2 1 1 2 2 1
35 2 2 2 2 2 2
36 1 1 1 1 1 2
37 2 2 2 2 2 1
38 1 1 2 1 2 1
39 2 1 2 2 2 1
40 2 1 2 2 2 1
41 1 1 1 1 2 1
42 2 2 2 2 2 2
43 1 2 1 2 1 2
44 2 2 2 2 2 2
45 1 2 2 1 1 2
46 1 2 2 2 2 2
47 2 1 2 2 1 1
48 1 1 1 1 2 1
49 2 1 1 1 1 2
50 2 2 1 2 2 1
51 2 1 1 2 2 1
52 2 2 2 2 2 2
53 2 2 2 2 2 2
54 2 1 2 2 2 2
55 2 2 2 2 1 1
56 2 2 2 2 2 2
57 2 1 1 1 2 1
58 2 1 1 1 2 2
59 1 2 2 2 2 1
60 2 2 2 2 1 2
61 1 1 2 2 2 1
62 2 1 2 2 1 2
63 2 2 2 2 2 2
64 2 2 2 2 2 1
65 2 2 2 2 2 2
66 2 2 2 2 2 1
67 1 2 1 1 2 1
68 2 2 2 1 1 1
69 2 2 2 2 2 2
70 1 1 1 1 1 1
71 1 1 2 1 2 1
72 1 1 1 1 2 1
73 2 1 1 1 1 1
74 1 2 1 2 2 2
75 1 1 1 1 2 1
76 1 1 2 2 2 2
77 2 2 2 2 2 2
78 2 2 2 2 1 2
79 2 2 2 2 2 2
80 2 2 2 2 2 2
81 2 2 2 2 2 2
82 1 2 2 2 1 1
83 1 1 2 1 2 1
84 2 2 2 2 2 2
85 2 2 2 2 2 2
86 2 1 2 2 2 1
87 2 2 2 2 1 2
88 2 2 2 2 2 2
89 2 2 1 2 2 2
90 1 2 2 2 2 1
91 2 2 2 2 2 2
92 1 1 2 2 2 2
93 2 1 2 2 2 2
94 2 2 2 1 2 1
95 2 2 2 2 2 1
96 1 1 1 2 1 1
97 2 2 2 2 2 1
98 2 2 2 2 2 2
99 2 2 2 2 2 2
100 1 1 2 1 1 1
101 1 2 1 2 2 1
102 2 1 2 2 2 1
103 2 2 2 2 2 1
104 1 1 1 1 2 1
105 1 2 2 2 2 2
106 2 2 2 2 2 1
107 2 1 2 1 2 2
108 2 2 2 2 2 2
109 2 1 1 1 2 1
110 2 1 1 1 2 2
111 2 2 2 2 2 2
112 1 2 2 2 2 2
113 2 1 2 2 2 2
114 1 1 2 2 2 1
115 1 2 2 1 1 1
116 2 2 2 2 2 2
117 1 2 2 2 2 2
118 2 1 1 1 2 2
119 2 2 2 2 2 2
120 1 1 2 2 2 2
121 2 2 1 2 2 2
122 2 2 2 1 2 2
123 2 2 2 2 2 2
124 1 1 1 1 1 1
125 2 1 2 1 2 2
126 2 2 2 2 2 1
127 1 1 1 1 2 1
128 2 2 2 2 2 2
129 1 2 1 1 1 1
130 2 2 2 2 2 1
131 2 2 1 2 2 2
132 2 2 2 1 2 2
133 2 2 2 1 2 2
134 2 1 2 2 2 2
135 2 2 2 1 2 2
136 1 1 2 1 1 1
137 2 2 2 2 2 2
138 1 2 2 2 2 2
139 2 2 2 1 1 2
140 1 1 2 1 2 1
141 2 2 2 2 2 2
142 2 2 2 2 2 2
143 2 2 2 2 2 1
144 1 1 1 1 2 1
145 2 2 2 2 2 2
146 1 1 1 1 2 2
147 1 2 1 1 2 1
148 2 2 2 2 2 1
149 2 1 2 1 1 1
150 2 1 2 2 2 1
151 2 1 2 2 2 2
152 1 1 1 1 1 1
153 1 2 1 1 2 1
154 2 2 2 1 1 2
155 1 1 1 1 2 2
156 2 1 2 2 2 1
157 2 2 2 2 2 2
158 2 2 2 2 2 2
159 1 2 2 1 2 2
160 1 2 1 1 1 2
161 2 2 2 2 1 1
162 2 2 1 1 1 1
163 2 2 2 2 2 2
164 2 1 1 2 2 2
165 1 1 2 1 1 2
166 2 2 2 2 2 1
167 2 2 2 2 2 2
168 1 2 2 2 1 2
169 2 2 2 2 2 2
170 2 1 1 1 1 1
171 1 2 2 1 1 2
172 1 1 2 1 1 1
173 1 1 1 1 1 1
174 1 2 1 2 2 1
175 2 2 2 2 2 2
176 2 2 2 2 2 2
177 1 2 2 1 2 1
178 2 2 2 2 2 2
179 2 2 2 1 2 2
180 2 1 1 1 2 1
181 2 2 2 2 2 2
182 1 2 2 2 2 1
183 2 2 2 2 2 1
184 2 1 1 1 1 1
185 1 1 1 1 2 1
186 2 1 2 2 2 2
187 1 1 2 2 2 2
188 1 2 2 2 2 2
189 1 2 1 1 2 1
190 2 2 2 2 2 2
191 2 1 2 2 2 1
192 2 1 1 2 1 1
193 2 2 2 2 2 2
194 2 2 2 2 2 2
195 2 2 2 2 2 2
196 2 2 2 2 2 2
197 2 2 2 2 2 2
198 1 2 2 2 2 2
199 1 2 2 1 2 2
200 1 2 2 2 1 2
201 2 2 2 2 2 2
202 2 2 2 2 2 2
203 1 2 2 1 2 2
204 2 1 1 1 1 1
205 1 2 2 2 1 1
206 2 2 1 1 2 2
207 2 2 2 2 1 1
208 1 2 2 1 1 1
209 1 2 2 2 2 2
210 2 1 2 2 2 1
211 2 2 2 2 1 2
212 1 2 2 1 1 1
213 2 2 2 2 1 1
214 2 2 2 2 2 1
215 2 2 2 2 2 2
216 2 1 2 1 1 2
217 1 2 1 2 2 1
218 2 2 2 2 1 2
219 2 2 2 2 2 2
220 1 1 1 1 2 1
221 2 1 1 2 2 2
222 1 2 2 2 2 1
223 2 1 1 2 1 1
224 1 2 2 2 2 2
225 2 2 2 2 2 2
226 2 2 2 2 2 2
227 2 2 2 2 2 2
228 2 1 2 1 2 1
229 2 2 2 2 2 2
230 1 2 2 2 1 1
231 2 2 2 2 2 2
232 2 2 2 2 1 2
233 2 2 1 2 2 2
234 1 2 1 2 1 1
235 2 2 2 2 2 2
236 1 1 2 1 1 2
237 2 2 2 2 2 2
238 1 2 2 2 2 1
239 2 2 2 2 2 1
240 1 2 2 1 1 1
241 2 1 2 2 2 1
242 2 2 2 1 1 2
243 2 2 2 2 2 2
244 1 2 2 2 2 1
245 2 2 2 2 2 2
246 2 2 2 2 2 2
247 2 2 2 2 2 2
248 2 2 2 2 1 2
249 2 2 1 1 2 2
250 2 1 2 2 2 2
251 1 2 1 2 2 1
252 2 2 2 2 2 2
253 2 2 2 2 2 2
254 2 1 2 2 2 2
255 1 1 1 1 2 1
256 2 2 1 2 2 2
257 2 2 2 2 2 2
258 2 2 2 2 2 2
259 2 2 2 2 1 2
260 2 2 1 2 2 2
261 2 2 2 2 2 2
262 1 1 2 1 2 2
263 2 1 1 1 2 1
264 1 1 1 1 1 1
265 2 2 2 2 2 2
266 1 1 2 1 2 1
267 2 2 2 2 2 2
268 2 2 2 1 2 2
269 1 1 1 1 2 1
270 1 2 2 1 2 1
271 2 2 2 2 2 2
272 2 1 1 2 2 2
273 2 2 2 2 1 1
274 2 2 1 1 1 1
275 1 1 1 1 1 1
276 2 2 2 2 2 2
277 2 2 2 2 2 2
278 1 2 2 2 2 2
279 2 2 2 2 2 1
280 2 2 2 2 2 1
281 1 1 1 1 2 1
282 2 2 2 2 2 1
283 2 2 2 2 2 2
284 1 1 2 1 1 2
285 1 2 2 2 2 2
286 1 1 1 2 2 1
287 1 2 1 1 2 1
288 2 2 2 2 2 2
289 2 2 2 2 2 2
290 1 2 2 2 2 1
291 2 2 2 2 1 2
292 1 1 1 2 1 1
293 1 1 2 1 1 1
294 2 1 1 2 1 2
295 2 1 1 1 2 1
296 1 1 1 1 1 1
297 1 2 2 2 1 1
298 2 2 1 1 1 2
299 2 2 2 2 2 2
300 2 1 1 1 2 1
301 1 1 2 2 1 1
302 1 2 2 1 2 1
303 1 1 1 1 2 1
304 1 1 2 2 1 2
305 2 2 1 2 2 2
306 2 2 2 2 2 1
307 2 1 1 2 1 2
308 2 2 2 2 2 2
309 2 2 2 2 2 1
310 1 1 1 1 1 1
311 2 2 2 2 2 2
312 1 2 2 2 2 1
313 1 2 2 2 2 2
314 2 2 2 2 2 1
315 2 2 2 1 2 2
316 2 2 2 2 2 1
317 2 2 1 2 1 1
318 2 2 2 1 2 2
319 2 2 2 2 2 2
320 2 2 2 2 1 1
321 2 2 2 2 2 1
322 2 2 2 2 1 2
323 2 1 2 2 2 2
324 2 2 2 2 2 1
325 2 2 2 2 2 2
326 1 2 2 2 1 2
327 2 2 2 2 2 2
328 2 2 2 2 2 1
329 2 2 2 2 2 2
330 2 2 2 2 2 2
331 1 1 1 1 1 1
332 2 1 2 2 2 1
333 2 2 2 1 2 1
334 2 1 2 2 2 2
335 2 2 2 2 2 1
336 2 2 2 2 2 2
337 2 1 2 2 2 1
338 2 1 2 2 2 2
339 2 2 2 2 2 1
340 2 2 2 2 1 1
341 2 2 1 2 2 1
342 2 2 2 2 2 2
343 1 2 2 2 2 1
344 2 2 2 2 2 2
345 2 1 2 2 2 1
346 1 2 2 2 2 1
347 2 1 1 2 2 1
348 1 2 1 2 1 1
349 1 1 1 1 2 1
350 1 1 1 1 1 1
351 2 2 2 2 2 1
352 2 2 2 2 2 1
353 2 1 1 1 1 1
354 2 2 2 2 2 2
355 2 2 2 2 2 2
356 1 2 2 2 2 1
357 2 2 2 2 2 1
358 2 1 1 1 1 1
359 1 1 2 2 1 2
360 2 2 2 2 2 2
361 2 2 2 2 2 2
362 2 1 1 2 2 1
363 1 2 2 2 2 2
364 1 2 2 2 2 1
365 2 2 2 2 2 2
366 1 1 1 1 2 1
367 2 2 1 1 1 1
368 2 2 2 2 2 2
369 2 2 2 2 1 2
370 2 2 2 2 2 2
371 1 2 2 1 1 1
372 2 2 2 2 2 2
373 2 1 2 1 2 2
374 2 2 2 2 1 2
375 2 2 1 1 2 1
376 2 1 1 1 2 2
377 2 2 2 2 2 2
378 1 2 2 1 2 2
379 2 1 2 1 2 2
380 1 2 2 2 2 2
381 2 2 2 2 2 2
382 1 1 1 1 2 2
383 2 1 1 2 2 2
384 1 2 2 1 2 2
385 2 2 1 1 2 2
386 2 1 2 2 2 2
387 2 2 2 2 2 2
388 2 2 2 2 1 1
389 1 1 1 1 1 1
390 1 1 2 1 1 1
391 2 1 1 1 2 2
392 2 2 2 2 2 2
393 2 2 2 2 2 2
394 2 2 2 1 2 2
395 2 2 2 2 2 2
396 1 1 2 2 1 1
397 2 1 1 2 2 1
398 2 2 1 2 2 2
399 1 2 2 2 2 2
400 2 2 2 2 2 1
401 2 2 2 2 2 2
402 1 1 2 1 1 2
403 2 2 2 2 2 1
404 2 2 2 2 2 2
405 2 2 2 2 2 2
406 2 2 2 2 2 1
407 2 2 2 1 2 2
408 1 1 2 1 1 1
409 2 2 1 2 1 1
410 2 1 2 1 2 1
411 1 2 2 1 2 2
412 1 1 1 1 1 1
413 1 1 2 1 2 1
414 2 2 2 2 1 2
415 2 2 2 2 2 2
416 1 1 1 1 1 2
417 2 1 1 1 1 1
418 1 2 2 2 2 2
419 1 1 2 2 1 1
420 1 1 1 2 1 1
421 2 2 2 2 2 1
422 2 2 1 2 2 1
423 1 1 2 1 1 1
424 1 2 2 1 1 2
425 2 2 2 2 2 1
426 1 1 2 1 1 1
427 2 2 1 2 2 2
428 1 1 1 1 1 1
429 2 2 1 1 2 1
430 2 2 2 2 1 1
431 2 2 2 2 2 2
432 2 1 1 2 1 2
433 2 2 1 2 1 2
434 1 2 2 2 2 2
435 2 2 1 2 2 2
436 2 1 2 1 2 2
437 2 2 2 2 2 2
438 2 2 2 2 2 1
439 2 2 2 2 2 1
440 2 2 2 1 2 1
441 2 1 2 2 2 2
442 2 2 2 2 2 2
443 2 1 1 1 2 1
444 2 2 2 2 1 1
445 2 2 2 2 2 2
446 1 2 2 2 2 2
447 1 1 1 1 1 1
448 1 2 1 1 2 1
449 2 2 2 2 2 2
450 1 2 2 2 2 2
451 1 1 1 1 2 1
452 2 2 2 2 2 2
453 2 2 2 2 2 2
454 2 2 1 2 2 2
455 1 2 2 2 2 2
456 2 2 2 2 1 2
457 1 2 2 2 2 2
458 2 2 2 2 2 1
459 2 2 1 2 2 2
460 2 2 2 2 2 2
461 1 1 1 1 1 2
462 2 2 2 2 1 2
463 2 2 2 2 2 2
464 2 2 2 2 2 2
465 2 2 2 2 2 2
466 2 2 2 2 2 1
467 1 2 2 2 1 2
468 2 2 1 1 2 2
469 2 2 2 2 2 1
470 2 2 2 1 1 1
471 2 2 2 2 2 2
472 2 1 1 2 1 2
473 2 1 1 2 2 1
474 1 1 1 1 2 1
475 2 1 2 1 1 1
476 2 1 2 2 1 2
477 2 1 2 2 2 2
478 1 2 1 2 2 2
479 1 2 2 1 2 1
480 1 2 1 2 2 1
481 2 2 2 1 2 2
482 2 2 2 2 2 1
483 2 2 2 1 2 2
484 2 2 1 2 2 1
485 2 1 2 1 2 2
486 2 2 2 2 2 1
487 2 1 2 1 2 2
488 2 1 2 1 2 2
489 2 2 2 2 2 2
490 2 2 2 2 1 2
491 2 2 1 1 2 2
492 1 1 1 1 2 2
493 1 1 1 2 1 1
494 1 1 2 2 2 2
495 2 2 2 2 2 2
496 2 2 1 1 1 1
497 1 2 2 1 2 2
498 1 1 1 1 2 2
499 1 2 2 1 1 2
500 2 2 2 2 1 2
501 2 1 2 2 2 2
502 1 2 1 2 2 1
503 2 2 2 2 2 2
504 2 2 2 2 1 2
505 2 1 2 1 2 2
506 1 1 1 2 2 1
507 2 1 2 1 1 1
508 2 1 1 1 1 2
509 1 1 1 2 2 1
510 2 2 2 1 2 2
511 2 1 1 2 2 1
512 1 2 2 2 2 1
513 2 1 1 1 2 1
514 2 2 2 1 2 2
515 1 1 2 2 2 2
516 2 2 2 2 2 2
517 2 2 2 2 2 2
518 1 2 2 1 2 1
519 2 2 2 2 2 2
520 2 2 2 2 1 1
521 2 2 2 2 1 1
522 1 1 1 1 2 1
523 2 2 2 1 2 2
524 1 2 2 1 2 1
525 1 1 1 1 1 2
526 1 1 1 1 2 2
527 2 2 2 2 2 2
528 1 2 1 1 2 1
529 1 2 2 2 2 2
530 2 2 2 2 2 2
531 2 2 2 2 2 2
532 1 1 2 1 1 1
533 2 2 2 1 1 2
534 2 2 2 2 2 2
535 2 2 2 2 2 2
536 1 1 1 1 1 1
537 1 1 2 2 2 2
538 2 2 2 2 2 2
539 2 2 2 2 2 2
540 2 2 2 1 2 1
541 2 1 2 1 2 2
542 2 2 2 2 2 2
543 2 1 1 2 1 2
544 2 2 2 2 2 2
545 2 1 1 1 2 1
546 2 1 2 2 2 1
547 2 1 1 1 1 2
548 2 2 2 2 2 1
549 2 2 2 2 2 2
550 1 2 2 2 2 2
551 2 1 2 2 2 2
552 2 1 2 1 1 1
553 2 2 2 2 2 2
554 2 2 2 2 2 2
555 2 2 2 2 2 2
556 1 2 2 2 2 2
557 2 2 2 2 2 2
558 2 2 2 1 2 2
559 2 2 2 2 2 1
560 2 1 1 1 2 1
561 1 2 1 2 1 1
562 2 2 2 1 2 2
563 2 2 2 1 2 1
564 1 2 2 2 2 2
565 1 1 2 2 1 1
566 1 2 1 2 2 2
567 2 2 2 2 1 1
568 2 2 1 1 2 2
569 2 2 2 2 2 2
570 2 2 2 1 2 2
571 1 2 2 2 2 2
572 2 2 2 2 2 2
573 1 1 2 2 2 1
574 2 2 1 2 2 1
575 2 2 2 2 2 2
576 2 1 2 2 2 2
577 2 1 2 1 2 2
578 1 2 2 2 2 1
579 2 2 1 2 2 1
580 1 1 2 2 1 1
581 1 2 1 2 2 1
582 2 2 2 2 2 2
583 1 2 2 2 2 1
584 1 1 2 1 2 2
585 2 1 1 1 2 2
586 1 2 2 2 2 1
587 1 1 2 2 2 1
588 1 2 2 2 2 2
589 1 1 1 1 1 2
590 2 2 2 2 2 2
591 2 2 2 2 2 2
592 2 2 2 2 2 1
593 2 2 2 2 2 1
594 1 1 1 1 2 1
595 1 2 2 2 2 2
596 2 2 2 2 2 1
597 2 2 2 2 2 2
598 2 2 2 2 1 1
599 1 1 2 1 1 1
600 2 2 2 2 2 1
601 1 2 2 1 1 1
602 2 2 1 1 2 1
603 2 1 2 1 2 1
604 1 2 1 1 1 1
605 2 1 2 1 2 2
606 2 1 2 1 2 1
607 2 2 2 1 2 2
608 1 1 1 1 1 1
609 2 1 2 2 1 1
610 1 1 2 1 1 1
611 1 2 2 2 2 2
612 1 2 2 2 2 2
613 1 2 2 1 2 2
614 2 2 2 1 2 2
615 1 1 1 1 1 1
616 2 2 2 2 2 2
617 2 1 1 2 1 1
618 2 1 2 2 2 1
619 1 1 2 1 1 2
620 2 2 2 2 2 1
621 2 2 2 1 2 1
622 2 2 2 2 2 2
623 1 1 2 2 2 2
624 2 2 1 2 2 2
625 1 1 1 2 2 1
626 2 2 2 2 2 2
