1 1 2 2 1
2 2 2 1 2
3 2 1 1 1
4 1 1 1 1
5 1 2 2 1
6 2 1 2 2
7 1 2 2 2
8 2 2 1 2
9 2 2 1 1
10 1 1 1 1
11 2 1 1 1
12 1 2 1 2
13 1 1 1 1
14 2 2 2 2
15 1 1 1 1
16 1 1 2 2
17 1 2 2 2
18 2 2 2 2
19 1 2 2 1
20 1 2 1 1
21 2 2 2 1
22 2 2 2 2
23 1 1 2 2
24 2 2 1 2
25 1 2 1 1
26 1 1 1 1
27 1 2 2 2
28 1 2 1 1
29 1 1 1 2
30 2 2 2 2
31 1 2 2 2
32 2 2 2 1
33 2 1 2 1
34 1 1 2 1
35 1 2 1 2
36 1 2 2 2
37 2 1 1 1
38 1 1 1 1
39 2 2 1 2
40 2 2 2 1
41 2 2 1 2
42 2 2 2 2
43 2 2 2 2
44 2 2 1 2
45 2 2 2 2
46 1 1 1 1
47 1 2 2 2
48 2 2 1 2
49 2 2 2 1
50 1 2 1 2
51 1 2 2 1
52 1 1 2 2
53 2 2 2 2
54 2 2 2 2
55 1 2 2 2
56 2 2 2 2
57 1 1 1 2
58 1 1 1 1
59 2 2 1 2
60 2 2 2 2
61 1 2 1 1
62 2 2 1 1
63 2 1 2 1
64 2 2 1 1
65 2 1 2 2
66 2 2 2 2
67 1 1 1 2
68 2 2 1 1
69 1 1 1 1
70 2 1 1 2
71 2 2 2 2
72 2 1 1 2
73 2 2 2 2
74 2 1 2 2
75 2 1 2 2
76 2 1 1 2
77 1 2 2 1
78 2 2 2 2
79 1 2 2 1
80 2 2 2 2
81 2 1 2 1
82 2 1 2 2
83 1 1 1 1
84 2 2 2 2
85 2 2 1 2
86 2 2 2 2
87 2 1 1 1
88 2 1 1 1
89 1 2 2 2
90 1 1 1 1
91 1 2 2 1
92 1 1 1 1
93 2 2 1 2
94 2 1 2 2
95 1 2 2 1
96 2 2 2 1
97 2 1 1 1
98 2 2 1 2
99 2 2 1 2
100 2 2 2 1
101 1 1 1 1
102 2 2 2 1
103 1 1 1 2
104 1 1 1 1
105 2 1 2 1
106 1 2 2 2
107 2 2 2 2
108 2 2 1 2
109 2 2 2 2
110 2 2 2 2
111 2 2 2 2
112 2 2 2 2
113 2 2 1 1
114 1 1 2 2
115 2 1 1 2
116 1 2 1 1
117 2 2 1 2
118 1 1 2 2
119 1 1 1 1
120 2 1 1 2
121 1 1 2 2
122 1 1 2 1
123 2 1 2 2
124 1 2 2 2
125 1 1 1 1
126 2 2 2 2
127 1 2 2 2
128 1 2 2 1
129 2 1 2 1
130 1 2 1 2
131 1 1 1 1
132 2 2 1 2
133 2 2 2 1
134 2 1 2 1
135 1 1 1 1
136 2 1 2 2
137 1 1 1 1
138 1 2 2 2
139 2 2 2 2
140 1 1 1 1
141 2 1 2 2
142 1 1 1 1
143 2 2 2 2
144 2 1 1 1
145 1 1 2 2
146 2 2 1 1
147 2 2 2 2
148 2 2 2 1
149 1 2 1 2
150 1 1 1 2
151 2 2 2 2
152 2 2 2 2
153 1 1 1 1
154 2 2 2 2
155 1 1 2 1
156 2 2 1 2
157 1 1 2 2
158 2 2 2 2
159 1 1 1 1
160 1 2 2 2
161 2 2 2 1
162 2 2 1 2
163 1 1 1 1
164 1 2 2 2
165 1 1 1 1
166 1 2 1 2
167 2 2 2 2
168 2 1 2 2
169 2 2 2 1
170 1 1 1 2
171 1 1 1 1
172 2 2 1 1
173 2 2 2 2
174 1 1 1 1
175 2 1 1 1
176 1 1 1 1
177 1 2 2 2
178 2 2 1 2
179 2 2 2 2
180 2 1 1 1
181 1 1 2 2
182 2 1 2 1
183 1 2 1 1
184 1 2 2 2
185 2 2 1 2
186 1 1 1 1
187 2 2 2 2
188 1 2 2 1
189 2 1 1 2
190 2 1 2 2
191 2 2 2 2
192 1 2 2 1
193 2 2 2 1
194 2 2 1 2
195 2 2 2 2
196 2 1 1 2
197 2 2 2 2
198 2 2 2 1
199 1 1 1 1
200 1 1 1 1
201 1 1 1 1
202 1 2 2 1
203 2 1 1 2
204 1 2 2 2
205 1 2 2 2
206 1 1 1 1
207 2 2 1 1
208 2 2 1 2
209 1 1 1 1
210 1 1 2 1
211 2 1 2 2
212 1 1 2 2
213 2 1 2 1
214 1 1 1 2
215 2 2 1 1
216 2 2 1 2
217 2 2 2 2
218 1 2 2 2
219 2 2 2 2
220 2 2 2 2
221 1 1 2 2
222 1 1 2 2
223 2 2 1 2
224 2 2 2 2
225 1 1 1 1
226 2 2 2 2
227 2 2 1 2
228 1 2 1 1
229 1 1 2 2
230 2 2 1 2
231 1 1 1 1
232 2 2 2 1
233 2 1 1 1
234 2 2 2 2
235 1 1 2 2
236 1 1 1 1
237 1 1 1 1
238 2 1 1 1
239 2 1 2 2
240 2 2 2 1
241 2 2 1 1
242 1 1 2 2
243 1 1 2 2
244 2 2 2 2
245 2 2 2 2
246 1 1 1 1
247 2 1 1 2
248 2 2 2 2
249 1 1 1 1
250 2 2 2 2
251 1 2 1 2
252 1 1 1 1
253 2 2 1 2
254 2 1 2 2
255 2 2 2 2
256 2 2 2 1
257 2 1 2 1
258 1 2 2 1
259 2 2 2 2
260 2 2 1 1
261 1 2 2 2
262 1 2 1 2
263 1 1 1 1
264 2 1 2 1
265 2 2 2 2
266 2 2 2 1
267 1 2 2 2
268 2 2 1 1
269 2 2 2 1
270 2 2 2 1
271 1 1 1 1
272 2 2 2 2
273 1 1 1 1
274 1 1 1 2
275 1 2 1 2
276 2 2 2 2
277 2 1 1 2
278 1 2 2 1
279 2 2 1 1
280 1 2 2 1
281 2 2 2 2
282 1 2 2 2
283 2 2 2 2
284 2 2 1 2
285 2 2 2 1
286 1 1 1 1
287 1 1 1 1
288 2 1 2 2
289 2 2 2 1
290 2 1 2 2
291 1 2 1 2
292 2 2 1 2
293 2 2 2 2
294 2 2 1 2
295 1 2 1 1
296 1 1 2 2
297 1 1 1 1
298 2 2 2 2
299 1 2 2 2
300 1 2 1 1
301 1 1 1 1
302 1 1 1 2
303 1 1 2 2
304 1 2 2 2
305 2 1 1 2
306 1 2 2 2
307 1 2 1 1
308 1 2 1 2
309 2 2 1 2
310 1 1 2 2
311 2 1 1 2
312 1 2 1 1
313 2 1 2 2
314 2 2 2 1
315 2 2 2 2
316 2 2 2 2
317 1 1 2 1
318 1 2 2 2
319 2 2 2 1
320 2 1 2 2
321 2 2 2 1
322 1 2 1 2
323 2 1 1 1
324 2 1 1 2
325 2 2 1 1
326 2 2 1 1
327 2 1 2 2
328 2 1 2 1
329 1 1 1 1
330 2 2 2 1
331 2 1 1 2
332 1 1 2 2
333 1 2 2 2
334 2 2 1 1
335 2 2 1 2
336 1 2 1 2
337 2 2 2 1
