1 1 1 2 2 2 2
2 2 1 1 1 2 1
3 2 2 2 2 2 2
4 2 1 1 1 1 1
5 1 1 1 1 1 2
6 2 2 2 2 2 2
7 2 2 2 2 2 2
8 1 1 2 1 1 1
9 1 1 1 1 2 1
10 2 2 2 2 2 2
11 2 2 1 2 1 1
12 2 1 1 2 1 2
13 2 1 1 2 1 2
14 2 1 2 2 1 1
15 1 1 1 1 1 1
16 2 1 2 2 2 2
17 2 2 2 2 2 2
18 2 2 2 2 2 2
19 1 1 1 2 1 1
20 2 2 1 1 2 2
21 1 1 1 1 1 1
22 2 2 2 2 2 1
23 1 1 1 2 2 2
24 2 1 1 1 1 2
25 1 1 1 2 1 2
26 1 2 2 2 1 2
27 1 1 1 1 2 1
28 2 1 2 1 2 2
29 2 1 1 2 1 1
30 2 2 2 2 1 2
31 2 2 2 2 2 2
32 1 1 1 1 1 1
33 2 1 2 2 2 2
34 2 1 2 1 2 1
35 2 2 2 2 2 2
36 2 1 2 2 2 2
37 1 2 1 1 1 1
38 1 2 2 2 1 1
39 2 2 2 2 2 2
40 2 2 2 2 2 1
41 1 1 1 1 1 1
42 2 1 2 2 2 2
43 1 2 2 2 1 2
44 1 1 1 1 1 1
45 1 1 2 1 1 1
46 2 2 1 2 2 2
47 2 1 1 1 1 2
48 2 2 1 1 2 1
49 2 2 2 2 1 1
50 1 1 1 2 1 2
51 2 2 2 2 2 2
52 1 1 1 1 1 1
53 1 1 1 1 1 1
54 2 2 2 2 2 2
55 1 1 1 1 1 1
56 1 1 1 1 1 1
57 1 1 1 1 1 2
58 2 1 2 2 2 1
59 2 2 1 1 1 1
60 1 1 1 1 1 1
61 2 2 2 1 2 2
62 2 2 2 2 2 2
63 1 2 2 2 2 2
64 2 2 2 2 2 1
65 1 2 2 2 2 1
66 2 2 1 1 2 1
67 1 1 1 1 1 2
68 2 2 1 2 2 1
69 2 2 2 2 2 2
70 1 2 1 1 1 1
71 1 1 1 1 1 2
72 1 2 2 1 2 2
73 1 2 1 1 1 1
74 2 2 2 1 2 2
75 2 2 2 2 2 2
76 1 2 2 2 2 2
77 1 2 2 2 2 2
78 2 2 1 2 2 1
79 1 1 1 1 1 1
80 2 1 1 1 1 1
81 2 1 2 2 2 2
82 1 2 2 2 2 2
83 2 2 2 1 2 2
84 1 1 2 2 1 2
85 1 2 2 2 2 1
86 2 2 2 2 2 2
87 1 1 1 1 1 1
88 1 1 2 1 1 1
89 2 2 2 2 2 2
90 1 1 2 2 2 1
91 1 1 1 1 2 1
92 2 2 2 2 2 2
93 2 2 2 1 2 2
94 2 1 2 2 2 2
95 2 2 2 2 2 2
96 1 1 1 1 1 1
97 2 1 2 2 2 2
98 1 1 2 2 1 1
99 1 2 1 1 2 1
100 2 1 1 2 2 1
101 2 2 2 2 1 2
102 1 1 1 1 1 1
103 2 1 2 2 2 2
104 1 2 2 1 1 1
105 1 1 1 2 1 2
106 2 2 1 2 1 2
107 2 2 1 2 2 2
108 2 1 1 1 1 2
109 1 1 1 2 1 1
110 1 1 1 1 2 1
111 2 2 2 2 2 2
112 1 1 1 1 1 1
113 1 2 2 2 2 1
114 2 2 2 2 2 2
115 2 2 1 2 2 2
116 2 1 1 1 2 1
117 2 2 2 1 1 1
118 1 2 2 1 1 2
119 1 2 2 1 1 2
120 2 1 2 1 1 1
121 2 2 2 2 2 2
122 2 1 2 2 2 2
123 1 1 2 2 2 2
124 1 2 1 1 1 1
125 1 2 2 2 1 1
