1 1 2 2 1 2 2
2 1 1 2 1 2 2
3 1 2 1 2 1 2
4 1 1 1 1 1 2
5 1 1 1 1 1 1
6 2 2 2 2 2 2
7 1 2 1 1 1 2
8 2 2 2 1 2 2
9 1 1 1 1 1 1
10 2 1 2 1 1 1
11 1 1 2 2 1 2
12 1 1 1 2 1 1
13 1 1 1 1 1 1
14 1 1 2 1 2 2
15 2 1 1 2 1 2
16 2 2 2 1 1 2
17 2 2 1 1 2 2
18 1 1 1 1 1 1
19 1 1 1 2 1 2
20 1 1 1 1 1 1
21 1 1 1 1 1 1
22 1 1 1 1 1 1
23 1 2 2 2 2 1
24 2 2 2 2 1 1
25 1 2 1 2 1 1
26 1 2 2 2 1 2
27 1 1 1 1 2 2
28 2 2 1 1 2 2
29 1 1 2 2 2 2
30 1 2 1 2 2 1
31 1 2 2 1 1 2
32 2 1 2 1 1 1
33 1 1 2 1 1 1
34 1 1 2 2 1 1
35 2 2 1 2 2 1
36 2 2 2 2 2 2
37 1 2 1 2 2 1
38 1 2 2 2 1 1
39 2 2 1 1 2 2
40 1 1 2 2 2 1
41 1 1 1 1 1 1
42 2 1 2 2 1 2
43 2 2 2 2 2 2
44 2 2 1 1 2 2
45 2 1 2 2 2 2
46 1 1 1 1 2 1
47 2 2 2 1 2 2
48 1 2 1 1 2 1
49 1 2 2 2 1 1
50 2 1 2 1 1 1
51 1 2 2 2 2 2
52 2 2 2 1 2 2
53 1 1 2 2 2 1
54 2 2 2 1 2 2
55 2 1 1 2 2 1
56 2 1 2 2 2 2
57 1 1 1 1 1 1
58 1 1 1 1 1 2
59 2 1 1 2 1 1
60 1 1 1 1 2 1
61 1 1 2 2 2 1
62 2 2 2 2 1 2
63 1 1 2 2 2 1
64 2 1 2 1 1 1
65 1 2 1 2 2 2
66 1 1 1 2 2 1
67 2 2 1 2 1 2
68 2 1 2 2 2 1
69 1 1 1 1 1 1
70 2 2 2 1 2 2
71 2 2 1 1 1 2
72 1 2 2 2 2 1
73 1 1 1 1 2 2
74 1 1 2 1 1 2
75 2 2 2 1 2 2
76 1 2 1 2 1 1
77 1 1 1 1 1 1
78 1 2 1 1 1 1
79 1 1 1 2 2 1
80 1 2 2 1 2 1
81 1 1 2 1 1 1
82 1 2 1 1 2 1
83 2 1 2 2 2 1
84 2 2 2 2 2 1
85 1 1 1 1 1 2
86 2 2 1 2 2 1
87 2 2 2 1 2 1
88 1 2 1 1 1 1
89 1 2 1 1 1 2
90 1 1 1 1 1 1
91 2 1 1 2 1 2
92 1 1 1 1 1 1
93 2 1 1 1 2 2
94 1 2 2 2 2 1
95 1 1 1 2 1 1
96 2 1 1 1 1 1
97 1 2 1 1 1 1
98 1 2 2 1 2 1
99 1 1 1 1 1 1
100 2 1 1 1 2 2
101 2 2 1 2 1 1
102 2 1 2 2 1 2
103 1 1 2 2 1 2
104 1 2 2 2 1 1
105 1 2 1 1 1 1
106 1 1 2 2 2 1
107 1 1 1 1 1 1
108 2 2 1 2 2 2
109 1 1 2 1 2 1
110 2 2 2 2 2 1
111 1 2 1 1 1 1
112 2 1 1 2 2 1
113 1 2 2 1 1 1
114 2 1 1 2 1 1
