1 1 2 2 1 2 2
2 2 1 2 2 1 2
3 1 2 1 1 1 2
4 1 2 2 2 2 2
5 2 2 2 2 2 2
6 2 2 1 2 2 1
7 2 1 2 2 2 2
8 2 2 2 2 2 2
9 1 1 2 1 1 2
10 2 2 2 2 2 1
11 2 2 2 2 2 2
12 2 2 2 1 2 1
13 1 1 1 2 2 2
14 1 2 1 1 1 1
15 2 2 2 2 2 2
16 1 1 2 1 1 1
17 2 2 2 2 2 2
18 2 2 2 2 2 2
19 2 2 2 2 2 2
20 2 2 2 1 2 1
21 2 2 1 2 2 1
22 2 2 1 2 2 2
23 2 2 1 1 2 1
24 2 1 2 2 2 2
25 2 1 1 1 1 1
26 2 2 2 2 2 2
27 2 2 2 2 2 2
28 2 2 2 2 2 2
29 2 1 1 1 1 2
30 1 2 2 1 2 2
31 2 2 2 2 2 1
32 2 2 2 2 1 2
33 1 1 2 2 2 2
34 2 1 2 2 2 2
35 2 2 2 2 2 2
36 2 1 2 1 2 1
37 2 2 2 2 2 2
38 2 2 2 1 2 2
39 1 1 1 1 1 1
40 2 2 2 2 2 2
41 2 1 1 1 2 1
42 2 2 2 2 2 1
43 2 2 1 2 2 2
44 1 2 2 2 2 1
45 2 2 2 2 2 1
46 2 1 2 1 2 2
47 1 1 1 2 1 2
48 1 1 1 1 1 1
49 2 2 2 2 1 2
50 2 2 2 2 2 1
51 2 2 2 2 2 2
52 2 2 1 2 2 2
53 1 1 2 1 2 2
54 1 1 2 2 2 2
55 1 1 2 1 2 1
56 2 2 2 2 2 2
57 2 1 1 1 1 1
58 2 2 1 1 2 2
59 2 2 1 2 1 2
60 2 2 2 2 2 2
61 2 2 2 2 2 2
62 1 1 1 1 1 1
63 1 2 2 2 2 2
64 2 2 2 2 2 2
65 2 2 2 2 2 2
66 2 2 1 2 2 2
67 1 1 1 1 2 2
68 2 2 2 2 2 2
69 1 1 1 1 1 1
70 2 1 2 2 1 2
71 1 2 2 1 1 2
72 2 1 1 2 2 2
73 2 1 1 2 2 1
74 2 2 2 2 2 2
75 2 2 2 2 2 2
76 2 1 1 2 2 2
77 1 2 1 2 2 2
78 1 1 2 2 1 2
79 2 2 2 2 2 2
80 2 2 2 2 2 2
81 2 2 2 2 2 2
82 2 2 2 2 2 2
83 2 2 2 2 2 2
84 2 2 2 2 1 2
85 2 2 2 2 2 2
86 2 1 2 2 1 2
87 1 2 2 2 2 2
88 2 1 2 2 1 1
89 2 1 1 1 2 1
90 1 1 1 1 1 2
91 2 2 2 2 2 2
92 2 2 2 2 1 2
93 2 2 1 2 2 2
94 1 1 1 1 2 2
95 2 2 1 2 2 2
96 2 1 1 1 2 1
97 1 1 1 1 1 1
98 1 1 2 2 2 2
99 2 2 1 2 1 1
100 2 1 1 1 1 1
101 2 2 2 2 2 2
102 2 1 2 1 1 2
103 2 2 2 2 2 2
104 1 1 2 1 1 1
105 2 2 2 2 2 2
106 1 2 1 2 2 2
107 1 1 1 1 1 1
108 1 2 2 2 2 2
109 1 1 1 2 1 1
110 2 2 2 1 2 2
111 1 2 2 2 2 2
112 2 1 1 1 1 1
113 2 2 2 2 1 2
114 2 1 2 2 2 2
115 2 1 2 1 2 2
116 1 2 2 2 2 2
117 2 2 1 1 2 2
118 2 2 2 2 2 2
119 2 2 2 2 1 2
120 2 2 2 1 1 2
121 2 2 2 2 2 2
122 2 2 2 2 2 2
123 2 1 1 1 1 1
124 1 1 2 1 2 2
125 1 2 2 1 1 2
126 2 2 1 2 2 1
127 2 2 2 2 2 2
128 2 1 1 1 1 1
129 2 2 2 2 2 2
130 2 1 1 1 1 1
131 2 2 2 2 2 2
132 1 2 1 2 1 2
133 2 2 2 2 1 2
134 1 1 1 1 2 2
135 1 1 1 1 1 1
136 2 2 2 2 2 2
137 2 2 2 2 2 2
138 1 1 1 2 1 1
139 1 1 2 1 2 2
140 1 1 1 1 1 1
141 2 2 2 2 2 2
142 2 2 2 1 1 2
143 1 1 1 1 1 1
144 2 1 2 2 1 1
145 1 2 2 1 1 1
146 2 2 2 2 2 2
147 2 2 2 2 2 2
148 2 2 2 2 1 2
149 1 2 2 2 2 2
150 2 2 2 2 2 2
151 2 2 2 2 2 2
152 2 1 2 2 2 2
153 2 2 1 2 1 1
154 1 2 2 2 2 2
155 2 1 2 2 2 2
156 1 1 1 1 1 1
157 2 2 2 1 2 2
158 2 2 2 2 2 2
159 2 2 2 2 1 2
160 2 2 2 2 2 2
161 2 2 1 2 2 2
162 1 2 1 1 2 2
163 1 1 1 1 1 1
164 2 2 2 2 2 2
165 1 1 2 2 1 2
166 1 1 2 2 2 2
167 2 1 2 2 1 2
168 2 2 2 2 2 1
169 2 2 2 1 1 1
170 2 2 2 2 2 1
171 2 2 1 2 1 2
172 2 2 1 2 2 2
173 1 2 2 2 2 2
174 2 2 2 1 2 2
175 2 2 2 1 2 1
176 1 2 2 2 1 2
177 1 1 1 1 1 1
178 2 2 2 2 2 2
179 2 2 2 2 2 2
180 2 2 1 1 1 2
181 2 1 2 2 2 2
182 2 2 2 2 1 1
183 2 2 2 1 2 2
184 1 2 1 2 2 2
185 1 1 1 1 1 1
186 2 2 2 1 2 1
187 2 2 2 2 2 1
188 1 1 1 2 2 1
189 2 2 2 2 2 2
190 2 2 2 2 2 2
191 2 1 2 1 1 1
192 2 2 2 1 2 2
193 2 2 2 2 2 2
194 2 2 2 2 2 2
195 2 2 2 1 1 2
196 1 1 1 1 2 1
197 2 1 2 1 2 2
198 2 1 1 2 2 1
199 2 2 1 2 2 2
200 1 2 1 1 1 2
201 2 2 2 2 2 2
202 2 2 2 2 2 2
203 2 1 2 1 1 1
204 1 2 2 1 1 1
205 2 2 2 2 1 2
206 2 1 2 2 2 2
207 2 2 2 2 2 2
208 1 1 2 1 1 1
209 2 2 1 2 1 2
210 2 2 2 2 1 2
211 1 2 1 2 2 2
212 2 1 2 1 2 1
