1 2 2 2 1 2 1
2 2 2 2 2 2 2
3 2 1 2 2 2 2
4 2 2 2 2 2 1
5 1 1 2 2 1 1
6 2 2 2 2 2 2
7 2 2 2 2 2 2
8 1 1 2 2 1 1
9 2 1 2 2 2 1
10 2 2 2 2 2 2
11 1 2 2 1 1 2
12 2 2 1 1 2 2
13 1 1 1 1 1 2
14 2 2 2 1 2 2
15 2 1 1 1 1 1
16 1 2 1 2 1 2
17 1 1 1 1 1 1
18 1 2 1 1 2 2
19 1 1 1 1 1 1
20 2 2 2 2 2 2
21 1 1 1 1 1 1
22 1 2 1 2 1 2
23 2 2 2 2 2 2
24 2 2 1 2 2 2
25 1 1 1 1 1 1
26 2 2 2 2 1 2
27 2 2 2 2 2 1
28 2 2 2 2 2 2
29 2 1 2 2 2 2
30 2 2 2 2 2 2
31 1 1 1 1 1 1
32 2 2 2 2 2 2
33 2 2 2 2 1 2
34 2 1 1 1 1 1
35 2 1 2 1 2 1
36 2 2 2 2 1 1
37 2 2 2 2 1 2
38 2 1 2 2 2 2
39 2 2 2 2 1 2
40 1 2 1 1 2 1
41 2 2 2 2 2 2
42 2 2 2 1 2 2
43 2 2 2 2 2 2
44 2 1 2 2 2 2
45 2 1 2 1 1 1
46 1 1 1 1 1 1
47 1 1 2 2 2 2
48 1 2 2 1 2 2
49 2 2 1 1 2 1
50 2 2 1 1 1 2
51 2 1 2 2 1 2
52 2 2 2 2 2 2
53 1 2 2 2 2 2
54 2 1 2 2 2 2
55 2 2 2 2 2 2
56 1 1 1 1 2 1
57 2 2 2 2 2 2
58 2 2 2 2 1 2
59 2 1 1 2 2 2
60 2 2 1 1 2 2
61 1 2 1 1 1 1
62 1 1 1 1 2 2
63 2 2 2 2 2 2
64 2 1 1 1 1 1
65 1 2 1 1 2 2
66 2 1 1 1 1 1
67 2 1 2 2 2 1
68 1 2 2 2 2 2
69 1 1 1 1 2 1
70 1 1 1 1 2 1
71 2 2 1 1 1 2
72 2 2 1 2 2 2
73 2 1 2 2 2 2
74 2 2 1 2 2 2
75 2 2 2 2 2 2
76 2 2 2 2 2 1
77 2 2 2 2 2 2
78 2 1 1 1 2 1
79 1 1 1 2 2 1
80 2 2 2 2 2 2
81 2 2 2 2 2 2
82 2 2 2 2 2 1
83 1 2 1 1 1 2
84 2 2 2 2 2 2
85 2 2 1 1 1 1
86 2 2 2 2 2 2
87 2 2 2 2 2 2
88 2 2 2 2 2 2
89 1 1 1 1 1 1
90 2 1 1 1 1 1
91 2 2 2 2 2 1
92 2 2 2 1 2 1
93 1 2 2 1 2 2
94 1 1 1 1 2 1
95 2 1 1 1 2 1
96 2 2 2 2 2 2
97 1 2 2 1 1 1
98 1 2 2 1 1 2
99 1 1 1 1 1 1
100 2 2 2 2 1 1
101 2 2 1 1 1 1
102 2 2 2 2 2 2
103 2 1 2 2 2 1
104 2 2 2 2 2 2
105 2 1 1 1 2 2
106 2 2 2 2 2 2
107 2 2 2 2 2 1
108 1 2 2 2 2 2
109 2 1 2 2 2 2
110 1 2 2 2 2 2
111 2 1 1 1 1 1
112 2 2 1 2 1 1
113 1 2 1 1 1 1
114 2 1 2 2 2 1
115 1 1 2 1 1 1
116 2 2 2 2 2 2
117 2 1 2 1 1 1
118 1 1 1 1 1 1
119 2 2 2 2 2 2
120 1 2 1 1 2 1
121 2 2 1 1 2 2
122 2 1 2 2 2 2
123 2 2 2 2 2 2
124 1 1 1 1 2 1
125 2 2 1 2 2 2
126 1 1 1 1 1 2
127 2 2 2 2 2 2
128 2 2 1 1 2 1
129 1 2 2 2 2 1
130 2 1 1 2 2 2
131 2 2 1 1 1 2
132 2 2 2 2 2 2
133 2 2 2 2 2 1
134 2 2 2 2 2 2
135 2 2 2 2 2 2
136 2 1 1 1 1 1
137 1 1 2 1 2 1
138 1 1 1 1 1 1
139 1 1 1 1 1 1
140 1 2 1 1 1 1
141 2 2 1 2 2 1
142 2 2 2 2 2 2
143 2 2 2 2 2 2
144 1 1 2 1 1 1
145 2 2 2 2 2 2
146 1 1 1 1 1 1
147 2 2 2 2 2 2
148 1 2 2 2 2 2
149 2 2 2 2 2 2
150 2 1 2 2 2 2
151 2 2 2 2 2 2
152 2 1 1 1 1 1
153 2 2 1 1 2 2
