1 2 2 2 2 2 2 2
2 2 2 2 2 2 2 2
3 1 2 2 2 2 1 2
4 2 2 2 2 2 2 2
5 2 1 2 2 2 2 1
6 2 2 2 2 2 1 2
7 2 2 1 1 2 2 2
8 2 1 2 2 2 2 2
9 2 2 2 2 2 2 2
10 2 1 2 2 2 2 2
11 2 2 2 2 2 2 2
12 2 2 2 1 1 2 2
13 2 2 2 2 2 2 2
14 2 1 2 2 2 2 2
15 2 1 2 2 2 2 1
16 1 2 2 2 2 2 2
17 2 2 2 2 1 2 2
18 1 2 2 2 2 2 2
19 1 1 1 1 1 2 2
20 1 1 2 1 1 1 1
21 2 2 2 2 2 2 2
22 1 2 1 1 1 2 2
23 1 2 1 1 1 2 2
24 2 2 2 1 2 1 2
25 2 2 2 2 2 2 2
26 2 2 1 2 2 2 1
27 1 1 2 2 2 2 2
28 2 2 1 2 1 1 1
29 2 2 2 2 2 2 2
30 2 2 2 1 2 1 2
31 2 2 2 2 2 2 2
32 2 2 2 1 2 1 1
33 1 2 1 1 1 2 1
34 2 2 2 2 2 2 2
35 2 2 2 2 2 1 2
36 2 1 2 1 2 1 2
37 1 1 2 2 2 1 2
38 2 1 2 2 2 1 2
39 2 1 2 2 2 2 2
40 2 1 1 2 2 2 2
41 2 2 2 2 2 1 2
42 1 2 2 2 1 2 1
43 2 2 2 2 1 2 2
44 2 2 2 2 2 2 2
45 2 2 1 2 1 1 2
46 2 1 2 2 2 1 2
47 2 2 2 2 2 2 2
48 2 1 1 2 2 2 2
49 2 2 2 2 2 2 2
50 1 2 2 2 2 2 2
51 2 2 1 2 2 2 2
52 2 2 2 2 2 2 2
53 2 2 2 2 1 2 2
54 1 1 2 2 1 2 2
55 2 2 2 2 2 2 2
56 1 1 2 2 1 1 1
57 1 2 2 2 2 2 2
58 2 1 1 2 2 1 2
59 2 2 1 1 2 2 2
60 2 2 2 2 2 2 2
61 2 2 2 1 2 2 2
62 2 2 2 2 2 2 1
63 1 2 2 1 2 2 2
64 2 2 2 2 2 2 2
65 2 2 2 2 2 2 2
66 1 1 2 2 1 1 1
67 2 2 2 2 2 2 2
68 2 2 2 2 1 2 2
69 2 2 2 2 2 2 2
70 2 2 2 2 2 2 2
71 2 2 2 1 2 2 1
72 2 1 1 1 2 1 2
73 2 2 2 2 2 2 2
74 1 2 2 2 2 2 1
75 2 2 2 2 2 1 1
76 2 2 2 2 1 2 2
77 2 2 2 2 2 2 2
78 2 2 2 2 2 2 2
79 1 2 1 1 2 2 2
80 2 2 2 2 1 2 2
81 2 1 2 1 2 1 1
82 2 2 2 2 2 2 2
83 2 1 1 2 1 2 2
84 2 2 1 1 1 2 1
85 2 2 2 2 2 2 2
86 2 2 2 2 2 2 2
87 2 2 1 2 2 2 1
88 1 1 2 2 1 2 2
89 2 2 2 2 2 1 2
90 1 2 2 2 2 2 1
91 2 2 2 2 2 1 1
92 2 2 2 2 2 2 2
93 2 2 2 2 2 2 2
94 1 1 2 2 1 1 1
95 2 2 2 2 2 2 2
96 2 2 2 2 2 2 2
97 2 2 1 1 2 2 2
98 2 2 2 2 2 2 1
99 1 2 2 1 2 1 1
100 2 2 2 2 2 2 2
101 2 2 2 2 1 1 1
102 2 2 2 2 1 2 2
103 1 1 2 1 2 1 2
104 2 1 2 2 2 2 2
105 2 2 2 2 2 2 2
106 2 2 2 2 2 2 2
107 2 2 1 2 2 1 2
108 2 2 2 2 2 2 2
109 2 2 2 2 2 2 2
110 2 2 2 2 2 1 2
111 1 1 2 2 1 1 1
112 2 1 2 2 1 2 2
113 2 2 2 2 2 2 2
114 2 2 1 2 2 2 2
115 1 1 2 2 1 2 2
116 2 2 2 2 2 2 2
117 1 2 2 1 2 2 2
118 1 1 1 2 2 1 1
119 2 2 2 2 2 2 2
120 2 2 2 2 2 2 2
