1 2 1 1 1 1 1 1
2 1 2 1 1 1 2 2
3 2 2 1 2 2 1 2
4 1 2 1 1 2 2 2
5 1 2 1 2 1 2 1
6 1 1 2 1 1 1 1
7 2 1 2 2 1 2 1
8 1 1 1 2 2 1 1
9 2 2 1 1 1 1 1
10 1 2 2 2 2 2 2
11 1 1 1 2 2 1 1
12 1 1 2 1 2 1 1
13 1 2 1 1 1 1 1
14 2 1 1 2 2 2 1
15 2 1 1 1 2 2 2
16 1 1 1 1 1 1 1
17 2 1 1 2 2 1 1
18 1 2 1 1 2 1 2
19 2 2 1 1 1 2 2
20 1 2 1 1 1 1 1
21 1 2 1 2 2 1 1
22 1 2 2 1 1 1 1
23 1 1 1 1 1 1 2
24 2 1 1 2 2 1 2
25 1 1 2 1 1 1 1
26 1 1 1 2 2 1 1
27 1 1 2 1 2 2 2
28 2 2 1 2 2 2 2
29 1 2 1 1 2 2 1
30 1 2 1 1 2 2 1
31 2 2 1 1 2 1 1
32 1 1 1 2 1 1 1
33 1 2 1 1 2 1 2
34 2 1 1 1 2 1 1
35 2 1 1 2 2 1 1
36 2 1 2 1 2 1 2
37 2 1 1 1 1 2 1
38 1 2 1 1 2 1 1
39 2 2 1 2 2 1 1
40 2 1 2 2 2 1 1
41 2 1 1 2 1 1 2
42 2 1 2 1 2 1 2
43 2 2 2 1 2 2 2
44 2 2 2 2 2 2 2
45 1 2 1 1 1 2 2
46 1 2 1 1 1 2 2
47 2 2 1 1 2 1 1
48 1 2 1 1 2 2 2
49 2 1 1 2 2 1 2
50 1 2 1 2 2 2 2
51 1 1 2 2 1 2 2
52 1 2 1 1 2 2 2
53 1 1 1 2 2 1 2
54 2 1 1 2 2 2 1
55 1 2 1 1 2 1 1
56 1 1 1 1 2 1 2
57 1 1 1 2 2 2 1
58 1 1 1 1 1 1 1
59 1 1 1 1 1 1 1
60 2 2 1 2 1 2 2
61 1 2 1 1 2 2 2
62 2 1 1 2 1 2 2
63 1 2 1 1 2 2 1
64 2 1 2 1 2 1 2
65 1 1 1 1 1 1 1
66 1 2 1 2 2 1 2
67 1 2 2 1 2 2 1
68 2 2 1 1 2 1 2
69 1 2 1 1 2 2 2
70 2 2 2 2 2 2 2
71 2 2 1 2 1 2 1
72 2 1 2 1 2 1 2
73 2 1 2 1 2 2 2
74 2 1 2 2 2 1 2
75 2 1 1 2 2 2 2
76 1 2 1 1 1 2 1
77 2 1 2 1 2 1 2
78 2 2 1 1 2 2 1
79 1 1 1 1 1 1 1
80 2 1 1 1 2 1 1
81 2 1 2 1 2 2 1
82 2 2 2 2 2 2 2
83 1 2 2 2 1 1 1
84 1 2 1 1 2 2 1
85 1 1 1 1 2 1 1
86 1 1 1 1 2 2 1
87 2 1 1 1 1 2 1
88 1 2 1 1 2 1 2
89 1 2 1 1 2 2 1
90 1 2 1 2 1 2 2
91 2 2 1 1 2 2 1
92 1 1 1 1 1 1 1
93 1 1 1 1 2 1 1
94 2 2 1 1 1 1 1
95 1 2 1 2 1 2 2
96 2 2 2 2 2 2 2
97 2 2 1 2 2 1 1
98 1 1 1 1 1 1 1
99 1 1 2 2 1 2 2
100 1 2 1 1 1 2 2
101 2 1 1 1 2 2 2
102 2 2 1 1 2 1 1
103 2 1 1 2 1 1 1
104 2 1 1 2 1 2 1
105 2 1 1 2 1 1 2
106 2 2 1 1 2 2 2
107 1 2 2 2 2 2 1
108 1 2 2 1 1 2 1
109 1 2 1 1 1 2 1
110 1 1 1 1 1 1 2
111 1 2 2 2 2 2 2
112 1 2 2 2 2 1 1
113 2 1 2 2 2 2 1
114 1 1 1 2 2 2 2
115 2 1 1 1 2 1 1
116 2 1 1 1 1 1 1
117 2 1 1 2 1 1 1
118 2 1 2 1 2 2 2
119 2 1 1 2 2 2 2
120 1 2 1 1 1 2 1
121 1 1 1 1 2 1 1
122 2 2 2 2 2 2 2
123 1 2 1 1 2 2 2
124 2 2 1 2 2 2 2
125 1 2 2 1 1 2 2
126 2 2 1 1 2 1 1
127 2 2 2 2 2 2 2
128 2 2 1 1 2 1 2
129 1 2 2 2 2 1 2
130 1 2 1 1 1 2 1
131 1 2 1 1 2 1 1
132 2 2 2 2 2 2 2
133 1 2 1 1 2 1 2
134 1 2 1 1 1 2 2
135 2 2 1 1 2 1 2
136 2 1 1 1 2 1 1
137 2 1 2 2 1 2 1
138 1 1 1 2 1 2 2
139 2 1 1 1 2 1 1
140 2 1 2 2 2 2 2
141 2 2 1 2 2 1 2
142 2 1 1 1 1 1 1
143 1 1 1 1 1 2 1
144 1 2 1 2 2 2 1
145 1 1 1 1 1 1 1
146 2 1 1 2 1 2 1
147 1 2 1 2 2 2 2
148 2 1 2 2 1 2 1
149 1 2 1 1 1 1 1
150 1 1 1 2 1 1 1
151 2 2 1 2 1 2 1
152 2 1 1 1 2 2 2
153 1 2 1 1 1 2 2
154 2 1 2 2 2 2 1
155 2 1 2 1 2 1 1
156 1 2 1 2 1 2 1
157 1 1 1 1 1 1 1
158 2 1 2 2 1 2 1
159 2 1 2 2 2 2 2
160 1 2 1 1 2 2 2
161 1 2 2 1 1 2 2
162 2 1 1 2 2 2 2
163 1 1 1 1 1 1 1
164 1 2 2 1 2 1 1
165 2 1 1 2 1 1 1
166 2 2 1 1 2 1 2
167 1 1 1 1 2 1 1
168 2 1 1 1 1 1 1
169 1 2 1 1 1 2 2
170 2 1 2 2 2 2 1
171 1 1 2 1 2 1 2
172 1 2 2 1 1 2 1
173 2 2 1 2 2 1 2
174 1 1 2 2 2 2 2
175 2 1 1 2 2 2 1
176 1 1 1 1 1 1 2
177 1 2 1 2 1 2 2
178 2 1 1 1 1 1 1
179 2 2 2 2 2 2 2
180 1 2 2 2 2 1 2
181 1 1 2 1 1 1 1
182 1 2 1 1 1 1 1
183 2 1 1 1 1 1 1
184 1 2 1 1 2 2 2
185 2 1 1 2 1 2 1
186 1 1 1 2 2 2 1
187 1 2 1 2 1 1 1
188 1 2 1 1 2 2 2
189 1 1 1 1 1 1 1
190 2 2 2 2 2 2 2
191 1 2 1 2 2 1 2
192 2 2 1 2 2 1 2
193 2 2 2 1 2 1 2
194 1 1 2 2 2 2 2
195 2 1 1 2 1 2 1
196 2 1 2 1 1 2 1
197 2 2 2 1 1 2 1
198 2 2 1 2 2 1 2
199 1 2 1 2 1 1 1
200 1 1 2 2 1 2 1
201 2 2 2 2 2 1 1
202 2 2 1 2 2 1 1
203 1 1 1 2 1 1 1
204 1 2 1 1 1 2 1
205 2 2 1 2 2 2 2
206 1 2 1 1 1 2 1
207 1 2 1 2 1 1 1
208 1 1 1 2 2 2 1
209 1 1 1 1 1 1 1
210 1 2 1 2 1 1 2
211 2 2 2 2 2 2 1
212 1 2 1 1 2 1 2
213 1 2 1 2 1 2 2
214 2 1 2 2 1 1 1
215 1 2 1 2 2 2 2
216 2 1 1 1 2 1 2
217 2 2 2 2 1 2 1
218 1 2 1 1 1 1 1
219 2 1 2 2 1 2 1
220 2 1 2 2 2 2 2
221 1 1 1 1 2 1 1
222 2 1 2 2 2 2 2
223 1 1 1 1 1 1 1
224 2 1 1 1 2 1 2
225 1 2 1 2 2 2 1
226 2 2 2 2 2 1 1
227 1 1 1 1 2 1 1
228 1 1 2 2 1 2 1
229 1 1 2 1 2 2 1
230 2 1 2 1 2 1 2
231 2 2 2 2 2 2 1
232 1 1 1 2 2 2 1
233 2 1 1 1 2 1 1
234 1 2 1 1 1 1 1
235 1 2 1 1 2 2 2
236 1 2 2 2 2 2 2
237 2 1 1 1 1 2 1
238 1 2 1 1 1 2 1
239 1 2 1 2 1 1 1
240 1 1 1 1 1 1 1
241 1 1 2 1 1 1 1
242 1 2 1 1 1 2 1
243 1 2 1 1 1 2 2
244 1 2 2 1 1 2 2
245 1 1 2 2 1 2 1
246 1 1 1 2 1 2 1
247 1 2 2 1 1 2 1
248 1 1 1 1 1 1 1
249 2 2 2 2 2 1 2
250 1 2 1 1 1 1 2
251 1 2 1 1 1 1 1
252 2 1 1 1 2 1 2
253 1 2 2 2 2 2 1
254 1 1 1 1 2 1 1
255 2 2 1 2 2 2 2
256 1 2 2 1 1 2 2
257 1 1 1 1 2 1 1
258 1 1 1 2 2 2 1
259 1 2 2 2 2 1 2
260 2 1 1 1 2 2 1
261 2 2 1 2 2 2 2
262 2 1 2 2 1 2 2
263 2 1 1 2 2 2 1
264 2 1 2 1 2 1 1
265 2 1 1 2 2 2 2
266 2 1 1 2 1 2 1
267 1 2 2 1 2 2 1
268 1 2 1 2 2 2 2
269 2 2 2 2 2 2 2
270 2 2 1 1 2 2 2
271 1 2 1 2 2 2 1
272 2 1 1 1 1 1 1
273 1 2 2 1 2 2 1
274 1 2 2 1 1 1 1
275 2 2 1 2 1 2 1
276 2 1 2 1 2 1 1
277 2 2 1 2 2 2 1
278 2 1 2 2 2 2 1
279 1 1 1 2 1 1 1
280 1 1 1 1 2 2 2
281 1 1 1 1 1 1 1
282 1 2 1 1 2 1 1
283 1 1 1 2 1 2 2
284 1 1 1 2 1 1 1
285 1 1 1 2 2 1 1
286 1 1 1 1 1 2 1
287 2 1 1 1 2 2 1
288 1 1 2 1 1 1 1
289 2 2 2 1 2 1 1
290 1 2 2 1 2 1 1
291 2 1 1 1 1 2 1
292 1 1 1 2 1 2 1
293 2 2 2 1 2 2 2
294 1 2 2 1 1 2 1
295 2 1 1 2 1 2 1
296 2 1 2 1 2 1 1
297 2 2 1 1 2 1 2
298 1 2 1 1 2 2 2
299 2 1 2 1 2 1 2
300 2 1 2 2 2 1 2
301 2 2 1 1 2 1 2
302 2 1 1 1 1 1 1
303 2 2 2 2 2 2 2
304 1 2 2 1 1 1 1
305 1 2 2 2 2 2 2
306 2 1 1 1 2 1 2
307 2 2 1 1 1 2 1
308 1 2 2 1 1 2 1
309 1 2 2 1 2 1 1
310 2 1 2 1 2 2 1
311 1 1 1 1 1 1 1
312 1 2 1 2 2 1 1
313 2 1 2 1 2 1 2
314 2 1 1 1 2 2 2
315 2 1 2 2 2 1 1
316 1 1 1 1 1 1 1
317 1 2 2 1 2 2 2
318 2 1 2 2 1 2 1
319 1 2 2 1 2 2 1
320 2 1 2 2 1 2 2
321 2 2 1 1 2 1 2
322 2 1 1 2 2 1 2
323 2 2 1 1 2 1 1
324 1 2 1 1 1 2 1
325 1 2 1 1 1 1 1
326 1 1 2 2 1 2 2
327 2 2 1 1 1 1 1
328 2 2 1 2 2 1 2
329 1 2 1 1 1 1 1
330 1 1 1 2 1 1 1
331 2 1 1 1 1 1 1
332 1 2 1 2 2 2 2
333 2 1 1 1 1 1 1
334 2 1 2 1 2 2 1
335 1 2 1 1 2 2 1
336 2 1 1 2 2 1 1
337 2 2 1 2 2 1 1
338 2 1 2 1 2 2 2
339 2 1 1 2 2 1 2
340 2 2 2 2 2 2 2
341 1 1 1 1 1 2 1
342 1 2 1 1 2 2 1
343 2 1 2 2 2 1 2
344 2 1 2 2 2 1 2
345 2 2 1 2 2 1 1
346 1 2 2 1 2 2 1
347 1 1 1 1 1 1 2
348 1 2 1 1 2 1 1
349 1 2 1 2 1 2 2
350 1 1 1 1 2 1 1
351 2 2 2 2 2 2 2
352 1 2 1 1 1 1 1
353 2 2 2 2 2 1 2
354 1 2 2 1 2 2 1
355 2 1 1 1 2 1 1
356 2 2 2 2 2 2 2
357 1 1 2 2 2 2 1
