1 1 2 2 1 1 2 1
2 2 2 1 1 2 1 1
3 2 1 2 2 2 2 2
4 1 1 1 1 1 2 1
5 2 2 2 2 2 1 1
6 1 2 1 1 2 2 1
7 2 2 1 1 2 1 1
8 1 2 2 2 1 2 2
9 1 2 1 2 2 2 2
10 1 1 1 1 1 1 1
11 2 2 1 2 2 2 2
12 2 2 2 2 1 2 2
13 1 1 1 1 1 1 1
14 1 2 2 1 2 2 2
15 1 1 1 1 1 1 1
16 2 1 2 2 2 2 2
17 2 2 1 1 2 2 2
18 2 2 2 2 1 2 2
19 2 2 2 2 2 1 2
20 2 1 2 1 2 2 2
21 1 1 1 1 1 1 1
22 1 2 2 2 1 1 1
23 1 2 2 2 2 1 1
24 2 1 1 2 1 1 2
25 2 1 1 2 1 2 1
26 1 1 1 1 1 1 1
27 2 2 2 2 2 2 1
28 2 2 2 2 2 2 2
29 2 2 1 2 2 1 2
30 2 1 2 2 2 2 2
31 2 2 2 2 2 2 2
32 2 2 1 2 2 2 2
33 1 2 2 2 2 1 1
34 2 2 1 1 2 1 1
35 2 2 2 2 2 2 1
36 2 1 1 2 2 2 2
37 1 1 1 1 1 1 1
38 2 2 2 2 1 2 2
39 2 1 1 1 2 1 1
40 2 1 2 2 2 2 1
41 2 2 1 2 2 2 2
42 1 2 2 2 2 1 2
43 2 2 1 2 2 2 2
44 1 2 2 1 1 2 1
45 2 2 2 2 1 2 2
46 1 2 1 2 2 1 1
47 2 1 2 2 2 2 2
48 2 2 1 2 2 2 1
49 2 2 1 2 1 2 1
50 2 1 1 1 2 1 1
51 1 2 1 1 1 2 2
52 2 2 2 2 1 2 2
53 2 1 1 2 1 2 2
54 2 2 1 2 2 2 2
55 1 1 1 1 1 1 1
56 2 1 2 2 1 2 2
57 2 2 2 2 2 2 1
58 2 2 2 2 2 2 1
59 1 2 2 2 1 1 1
60 1 2 1 1 1 2 2
61 2 2 2 2 2 2 2
62 1 2 2 2 2 1 1
63 2 2 2 2 2 2 2
64 1 2 2 2 1 2 1
65 2 1 2 2 2 2 2
66 2 2 2 2 2 1 2
67 2 1 2 1 2 2 1
68 1 2 2 1 1 2 1
69 2 1 2 2 2 2 2
70 2 1 2 2 2 2 2
71 1 1 1 1 2 1 1
72 2 2 2 2 2 2 2
73 1 2 2 2 2 2 2
74 2 1 1 1 1 2 1
75 1 1 1 1 1 2 1
76 2 2 2 2 2 1 1
77 2 2 1 1 1 2 1
78 2 2 1 1 1 2 2
79 1 1 2 1 2 2 2
80 2 2 2 1 2 2 2
81 2 2 2 2 2 2 2
82 2 2 2 2 2 2 2
83 2 2 1 2 2 2 1
84 1 2 1 1 2 2 1
85 2 2 2 1 2 2 1
86 1 1 1 1 1 1 1
87 2 1 2 1 1 2 2
88 1 2 1 2 2 2 2
89 1 2 1 1 2 2 2
90 2 2 2 2 1 2 2
91 1 2 1 1 1 1 1
92 2 2 2 2 2 2 2
93 2 2 2 1 2 1 1
94 2 2 2 2 2 2 2
95 2 2 2 2 2 2 2
96 2 1 1 2 2 1 1
97 2 2 2 2 2 1 1
98 2 1 2 2 1 2 1
99 2 2 2 2 2 2 1
100 2 2 2 2 2 2 1
101 2 2 2 2 2 2 1
102 1 1 2 1 1 1 1
103 2 1 2 1 2 1 1
104 2 2 2 1 1 2 2
105 2 2 1 2 1 2 2
106 2 1 2 2 1 2 2
107 2 2 2 2 2 1 2
108 1 2 1 2 2 1 2
109 2 2 2 2 2 2 1
110 2 1 1 2 1 2 1
111 2 2 1 2 2 2 2
112 1 2 1 1 2 1 1
113 1 2 1 1 1 2 1
114 1 2 2 2 1 2 2
115 2 2 2 2 2 2 2
116 2 2 1 2 2 1 1
117 2 1 1 2 1 1 1
118 2 2 2 2 2 2 2
119 2 1 2 2 2 2 2
120 1 1 1 1 1 1 1
121 1 2 1 2 2 2 2
122 1 2 1 1 1 1 1
123 2 2 2 2 2 1 1
124 1 2 2 2 2 2 1
125 2 1 1 1 1 2 1
126 2 2 2 2 2 2 2
127 1 2 2 1 2 1 2
128 1 2 1 1 2 2 1
129 2 2 2 1 2 2 1
130 1 1 1 1 1 1 1
131 1 2 2 2 2 2 2
132 1 2 1 1 2 1 1
133 2 2 2 2 1 2 2
134 1 1 1 1 1 1 1
135 2 2 1 2 2 2 2
136 1 2 1 2 2 2 1
137 2 2 2 2 1 2 2
138 1 2 2 2 2 2 2
139 2 2 2 2 2 2 2
140 1 1 1 1 1 1 1
141 1 2 2 1 2 2 2
142 2 1 1 2 1 1 2
143 2 2 1 2 2 2 2
144 2 2 2 2 2 2 2
145 2 1 2 2 2 2 2
146 1 1 1 2 2 2 1
147 1 1 1 2 1 1 1
148 2 2 2 2 2 2 2
149 2 2 2 2 2 1 2
150 2 2 1 2 2 2 2
151 2 1 2 1 2 2 1
152 2 2 1 2 2 2 1
153 2 2 2 2 2 1 2
154 1 2 2 2 1 2 1
155 2 2 2 2 2 2 2
156 1 1 1 1 1 1 1
157 1 1 1 1 1 1 1
158 2 2 2 2 2 2 2
159 2 1 2 2 2 2 2
160 2 2 2 2 1 2 2
161 1 2 2 2 2 2 1
162 1 1 1 1 1 2 1
163 1 2 1 1 2 2 2
164 1 2 1 2 1 1 1
165 1 1 1 1 2 2 2
166 2 2 2 2 2 1 2
167 1 2 1 2 2 2 2
168 2 2 1 2 2 2 2
169 2 2 2 2 2 2 1
170 2 2 2 1 1 2 1
171 2 2 2 1 2 2 1
172 1 2 1 2 2 2 1
173 2 2 2 2 2 2 2
174 2 1 1 2 2 2 2
175 2 1 2 2 1 2 1
176 2 2 2 2 2 2 2
177 1 1 2 1 1 2 1
178 1 1 1 1 1 1 1
179 1 2 1 2 1 1 2
180 1 1 1 1 1 1 1
181 2 1 1 1 1 1 1
182 2 1 1 2 2 1 1
183 1 2 1 1 2 1 1
184 2 2 1 2 1 1 1
185 1 2 1 1 1 2 1
186 1 1 1 1 2 1 2
187 1 1 1 1 1 1 1
188 2 2 2 2 2 2 2
189 2 2 2 2 2 2 2
190 2 1 2 2 2 2 2
191 2 2 2 2 1 2 2
192 2 1 1 1 1 1 1
193 2 2 1 2 2 2 2
194 1 1 1 1 2 1 1
195 2 2 2 2 1 1 1
196 2 2 2 2 2 2 2
197 2 2 2 2 2 1 2
198 2 1 1 2 2 1 2
199 1 1 1 1 1 1 1
200 2 1 1 1 2 2 1
201 2 2 2 2 2 2 1
202 2 1 1 1 1 2 1
203 1 2 1 1 2 2 1
204 2 1 2 2 2 2 2
205 2 2 2 2 2 2 2
206 1 1 1 1 1 1 1
207 2 2 2 2 2 2 1
208 2 2 2 2 2 2 2
209 2 2 1 2 2 2 2
210 2 1 1 1 1 2 2
211 2 2 2 2 2 2 2
212 2 2 2 2 2 1 2
213 2 2 2 2 2 2 2
214 2 1 1 2 2 2 1
215 2 1 2 2 1 2 2
216 2 2 1 2 1 2 2
217 1 1 1 1 2 1 1
218 2 2 1 1 2 2 2
219 2 2 1 2 2 2 2
220 2 2 2 2 2 2 2
221 2 2 2 2 2 1 2
222 1 2 2 1 2 2 1
223 2 2 1 2 2 2 2
224 1 2 1 1 2 1 2
225 1 2 2 2 1 2 1
226 2 2 1 2 1 2 2
227 2 1 2 2 1 2 1
228 1 2 2 2 1 2 2
229 2 2 2 2 2 2 2
230 1 2 1 1 1 1 1
231 2 2 1 1 2 1 1
232 1 2 2 2 1 2 1
233 2 2 2 1 2 2 2
234 2 2 2 2 1 2 1
235 2 1 2 2 2 2 2
236 1 1 1 2 2 2 2
237 2 1 2 2 2 2 2
238 2 2 1 2 2 1 2
239 2 2 2 2 2 2 2
240 1 2 1 2 1 1 2
241 1 2 2 2 2 2 1
242 2 2 2 2 1 1 2
243 1 2 2 2 2 1 2
244 2 2 2 1 2 2 1
245 1 2 2 2 1 2 1
246 2 2 2 2 2 2 2
247 2 2 2 2 1 2 2
248 2 2 2 2 1 1 1
249 2 2 2 2 2 2 2
250 1 2 1 1 1 2 2
251 2 2 1 1 1 1 1
252 2 1 2 2 2 2 1
253 2 2 2 2 2 2 1
254 2 1 1 1 2 2 2
255 2 2 2 1 2 2 2
256 2 1 1 2 2 2 1
257 1 1 1 2 1 1 1
258 2 2 2 2 2 2 2
259 2 2 2 2 1 2 1
260 1 2 2 2 2 2 2
261 2 1 1 1 1 2 1
262 2 2 2 2 1 2 2
263 1 2 2 1 1 1 1
264 1 2 1 1 1 1 1
265 2 2 2 2 2 2 1
266 2 2 2 2 2 2 2
267 1 1 2 2 2 1 1
268 2 2 2 2 2 2 2
269 2 2 2 2 1 2 1
270 2 2 2 2 1 2 2
271 1 1 2 1 1 2 1
272 1 2 2 1 2 2 2
273 1 2 1 1 2 1 1
274 2 2 2 2 2 2 1
275 2 2 1 2 2 2 1
276 2 2 1 2 1 2 1
277 2 1 2 2 1 1 2
278 1 1 1 1 2 2 1
279 2 1 2 2 2 2 2
280 2 1 2 2 2 1 2
281 2 2 1 1 1 1 1
282 2 2 2 2 2 2 2
283 1 2 1 2 1 2 2
284 1 1 1 2 1 2 2
285 2 1 2 2 1 2 1
286 2 2 2 2 2 2 1
287 1 2 1 1 2 2 1
288 2 1 1 2 2 2 1
289 1 1 1 1 2 1 1
290 1 1 2 1 1 1 1
291 2 2 2 2 2 1 2
292 1 1 1 1 2 1 1
293 2 1 1 2 1 2 2
294 1 2 2 1 2 1 1
295 2 2 2 2 2 1 2
296 2 2 2 1 2 1 2
297 1 1 2 1 1 1 1
298 1 2 1 1 2 1 1
299 1 2 1 1 2 2 2
300 1 2 1 1 1 2 2
301 2 2 1 2 1 2 2
302 1 1 2 1 2 2 2
303 2 2 2 1 1 1 2
304 1 1 1 1 2 2 2
305 2 2 2 1 2 2 1
306 2 2 1 2 2 2 2
307 2 2 2 2 2 2 2
308 1 1 2 1 2 1 1
309 2 1 1 2 2 2 1
310 1 2 1 1 1 2 1
311 2 2 2 2 1 2 1
312 2 2 1 1 1 1 1
313 2 2 2 2 2 2 2
314 2 2 2 2 2 2 2
315 2 1 2 2 2 2 1
316 2 2 2 2 2 2 2
317 2 2 2 2 2 2 2
318 2 1 1 2 2 1 2
319 2 2 2 2 2 2 2
320 2 2 1 1 2 2 2
321 2 2 2 1 2 1 2
322 2 2 2 2 1 2 1
323 2 2 1 2 1 2 2
324 2 2 2 1 2 2 2
325 1 1 1 1 1 2 1
326 1 2 1 1 1 2 1
327 1 2 2 2 2 2 2
328 2 2 1 1 2 1 1
329 2 2 2 2 2 1 1
330 1 2 2 2 2 1 2
331 2 2 2 2 2 2 2
332 2 2 2 2 2 2 2
333 2 2 2 2 2 2 2
334 2 2 2 1 2 1 2
335 1 1 1 1 2 1 1
336 1 1 2 1 1 1 2
337 2 2 1 2 1 1 1
338 2 2 2 2 2 2 2
339 2 2 1 2 1 2 1
340 1 1 2 1 2 2 1
341 1 2 2 2 2 1 2
342 2 1 2 1 2 2 2
343 2 1 1 2 2 1 1
344 1 2 1 2 2 2 2
345 2 2 1 2 2 2 2
346 2 1 2 2 2 2 2
347 1 2 1 1 2 1 1
348 2 2 2 2 2 2 2
349 2 2 2 2 2 2 2
350 1 2 1 1 2 1 2
351 1 1 2 1 1 1 1
352 1 1 1 1 1 1 1
353 2 1 1 2 2 2 1
354 2 2 2 2 2 2 1
355 2 1 2 2 2 2 2
356 1 2 1 2 1 1 1
357 1 2 2 2 2 1 2
358 2 2 1 2 2 2 2
359 1 1 1 2 2 1 1
360 2 2 2 2 1 2 2
361 2 1 1 1 1 1 1
362 2 1 2 2 2 2 2
363 2 2 2 2 2 2 2
364 1 1 1 1 1 2 1
365 1 1 1 1 1 2 1
366 2 2 2 2 2 2 2
367 1 2 2 2 2 2 1
368 1 1 1 1 1 2 1
369 1 1 1 1 1 1 1
370 2 2 2 2 2 2 2
371 2 1 1 1 2 1 1
372 2 1 2 2 2 2 2
373 2 2 2 2 2 2 2
374 1 2 1 2 2 1 2
375 2 1 1 2 2 1 1
376 2 2 2 2 1 1 1
377 2 2 2 2 2 2 2
378 2 2 1 2 2 2 2
379 2 2 2 2 2 2 2
380 2 2 2 2 2 2 2
381 2 1 2 2 2 2 2
382 1 2 2 1 2 2 2
383 1 1 1 1 1 1 1
384 1 1 1 1 1 1 1
385 2 2 1 2 2 2 2
386 1 1 1 1 1 1 1
387 1 2 2 1 2 2 2
388 2 2 2 2 2 2 1
389 1 2 1 2 2 2 2
390 2 2 2 2 2 2 2
391 2 2 1 2 1 2 2
392 2 2 1 1 1 1 2
393 2 1 2 2 2 2 1
394 1 1 1 2 1 1 1
395 1 2 2 2 2 1 1
396 2 2 2 2 2 2 2
397 1 2 1 1 1 1 1
398 1 2 1 2 2 2 2
399 1 2 1 2 2 2 2
400 2 2 2 2 2 2 1
401 2 2 2 2 2 2 2
402 2 2 2 2 2 1 2
403 1 2 2 2 2 1 2
404 2 1 2 1 2 1 1
405 1 1 1 2 1 1 1
406 1 2 2 2 1 1 2
407 2 1 2 1 1 2 2
408 1 2 1 2 2 2 2
409 1 2 2 2 1 2 2
410 2 2 2 1 2 1 1
411 2 1 1 1 2 1 1
412 2 2 2 2 2 2 2
413 2 1 2 1 1 1 1
414 1 2 2 1 2 2 2
415 2 2 2 1 2 2 2
416 2 1 2 2 2 1 2
417 1 2 1 2 2 2 2
418 2 2 2 2 2 2 2
419 2 1 2 1 2 2 2
420 2 1 1 2 2 2 2
421 2 2 2 2 2 2 2
422 2 2 2 1 2 2 1
423 2 1 1 2 2 2 2
424 2 2 2 2 2 2 1
425 2 2 2 2 2 2 2
426 1 1 2 1 1 2 1
427 1 2 2 1 2 2 1
428 1 2 2 1 1 2 2
429 2 2 2 2 1 2 2
430 2 2 2 2 2 2 1
431 2 2 2 1 2 1 2
432 1 2 1 2 1 2 2
433 2 2 2 2 2 2 2
434 1 2 1 1 1 1 1
435 2 2 2 1 1 2 2
436 1 2 2 2 2 2 2
437 2 2 1 1 2 2 1
438 1 2 2 1 1 2 2
439 2 2 2 1 2 2 1
440 2 1 2 1 2 2 1
441 1 2 2 2 2 1 1
442 1 1 1 1 1 1 1
443 1 1 1 1 1 1 1
444 1 2 2 1 2 2 2
445 2 2 2 2 2 1 2
446 2 1 1 1 1 2 1
447 1 2 1 1 1 2 1
448 2 1 2 2 1 2 2
449 2 2 2 2 2 2 2
450 1 2 1 2 2 1 1
451 1 1 1 1 1 2 1
452 1 1 2 2 2 2 2
453 1 2 2 2 1 2 2
454 2 1 1 2 2 2 1
455 2 2 2 2 2 2 2
456 2 1 2 2 2 1 2
457 1 2 2 2 2 1 2
458 2 1 1 2 2 2 2
459 1 2 2 2 2 2 2
460 2 1 1 2 2 2 2
461 2 2 1 2 1 2 1
462 2 2 2 2 2 2 2
463 2 2 2 2 2 2 1
464 2 2 2 2 2 2 2
465 2 2 2 2 2 2 2
466 1 1 1 2 2 1 1
467 1 2 2 1 2 1 1
468 2 2 2 2 2 1 1
469 1 2 1 1 2 2 2
470 1 2 1 1 2 1 1
471 2 1 2 1 1 1 1
472 2 2 2 2 2 2 1
473 1 1 2 1 2 1 2
474 2 2 1 1 2 2 2
475 2 2 2 2 1 2 1
476 1 1 2 1 2 2 2
477 2 1 2 2 2 2 2
478 2 2 1 2 2 2 2
479 2 1 2 1 1 2 1
480 2 1 1 1 2 2 2
481 1 1 1 1 2 1 2
482 2 2 2 1 2 2 2
483 2 1 2 1 2 1 1
484 2 2 2 2 2 2 2
485 1 2 2 1 1 2 2
486 1 1 2 1 2 1 1
487 2 2 2 2 2 2 2
488 2 2 2 2 2 1 1
489 2 2 2 2 2 2 2
490 1 1 2 1 1 2 1
491 2 2 2 2 2 1 2
492 1 2 2 2 2 2 2
493 1 2 2 1 2 2 2
494 2 2 2 2 2 2 2
495 1 1 1 1 2 1 1
496 2 2 1 2 2 2 2
497 2 2 2 2 1 1 1
498 1 1 1 1 2 1 1
499 2 1 2 1 2 1 1
500 1 1 1 1 1 1 1
501 1 2 2 2 2 2 2
502 2 2 2 2 2 2 2
503 2 2 2 2 2 2 2
504 1 1 1 1 2 1 1
505 2 1 1 2 1 1 2
506 2 2 2 1 2 1 2
507 2 2 2 2 2 2 2
508 2 2 2 2 2 1 1
509 2 2 1 2 2 2 1
510 1 2 2 1 1 2 2
511 2 2 1 2 1 1 2
512 2 1 2 2 1 2 1
513 2 2 2 2 2 2 2
514 1 2 2 2 2 2 2
515 2 1 1 2 1 2 2
516 1 2 1 1 1 1 1
517 2 2 2 2 2 2 2
518 2 2 2 2 2 2 2
519 2 2 2 2 2 2 1
520 1 2 2 1 2 2 2
521 2 2 1 2 1 2 2
522 2 1 1 1 1 1 2
523 2 2 2 2 1 2 2
524 2 1 2 2 1 1 2
525 1 2 2 2 2 2 2
526 2 2 1 1 2 2 2
527 1 2 1 2 2 2 2
528 1 2 1 1 2 2 2
529 1 2 1 1 2 2 1
530 2 2 2 2 2 2 2
531 2 1 2 2 2 1 1
532 2 2 2 2 2 2 2
533 1 2 2 2 1 2 1
534 2 2 2 2 2 2 2
535 2 1 2 1 1 2 1
536 2 2 2 1 2 2 2
537 2 1 2 2 1 2 2
538 1 1 1 1 1 2 1
539 2 2 2 1 2 2 1
540 1 2 1 1 1 2 1
541 2 1 2 2 2 2 2
542 2 2 1 2 2 2 2
543 1 2 1 1 2 2 2
544 1 1 1 1 2 1 1
545 1 2 1 2 1 2 1
546 2 2 1 2 2 2 1
547 2 2 2 2 2 2 2
548 2 2 2 2 2 1 1
549 1 1 1 1 1 2 1
550 2 2 1 2 2 2 1
551 2 2 2 1 1 2 2
552 2 1 1 2 1 2 2
553 1 1 1 1 1 1 1
554 1 2 2 2 2 2 1
555 2 2 2 2 1 2 1
556 2 2 1 2 2 2 1
557 2 2 2 2 2 2 2
558 1 2 2 1 2 2 2
559 2 2 1 2 2 2 2
560 1 1 1 1 1 1 1
561 2 1 2 2 2 2 2
562 2 2 2 2 2 1 2
563 1 2 2 2 1 2 1
564 2 2 2 2 2 2 2
565 2 2 1 2 2 2 2
566 2 1 1 2 1 1 1
567 1 1 1 1 1 1 1
568 1 2 2 1 1 1 2
569 2 1 1 2 1 1 2
570 2 2 1 2 2 1 1
571 2 2 2 2 2 2 1
572 2 2 2 2 2 2 2
573 1 1 2 1 2 2 1
574 2 2 2 2 2 2 1
575 1 2 1 1 2 2 1
576 2 2 1 2 2 1 1
577 2 2 2 2 1 2 2
578 2 2 2 1 2 1 1
579 2 1 1 2 2 2 1
580 1 1 1 1 1 1 1
581 2 2 1 1 2 1 2
582 2 2 1 2 1 2 2
583 2 1 1 1 1 1 1
584 2 2 2 1 2 2 1
585 2 2 2 2 1 2 2
586 2 2 2 2 2 2 2
587 2 2 2 2 2 2 1
588 2 1 1 2 1 1 1
589 2 2 2 2 2 2 2
590 2 2 1 2 2 1 2
591 2 1 2 2 2 2 2
592 2 2 1 2 2 1 2
593 1 1 1 1 1 2 1
594 2 2 2 1 2 2 2
595 2 2 2 2 2 2 2
596 2 2 2 2 2 2 1
597 1 2 2 2 2 2 2
598 2 2 2 2 2 2 1
599 2 2 1 2 2 2 1
600 2 1 2 2 2 2 2
601 2 2 1 2 2 2 2
602 2 1 1 1 1 2 2
603 2 2 1 2 1 2 2
604 1 2 1 1 1 1 1
605 2 2 2 2 2 2 2
606 2 2 1 1 2 2 1
607 1 1 1 2 1 2 1
608 2 2 2 2 2 2 2
609 1 2 2 2 2 2 1
610 2 2 1 1 2 2 2
611 1 2 1 1 1 2 1
612 2 2 1 2 2 2 1
613 1 1 1 1 1 1 2
614 2 1 2 2 2 2 2
615 1 1 2 1 1 2 2
616 2 2 1 2 2 2 2
617 1 1 2 1 2 2 1
618 2 2 2 1 2 2 1
619 2 2 2 2 2 1 2
620 2 1 1 2 1 2 2
621 2 2 1 1 1 1 1
622 2 2 2 1 2 2 2
623 2 1 1 1 2 2 1
624 2 2 1 2 2 2 2
625 2 2 1 2 2 2 2
626 2 2 2 2 2 2 2
627 2 2 1 2 2 2 1
628 2 2 1 1 2 2 1
629 2 2 2 2 2 1 2
630 2 2 2 2 2 2 2
631 2 2 2 2 2 2 2
632 2 2 2 2 2 2 2
633 1 1 1 2 2 1 1
634 1 1 2 1 1 2 1
635 2 2 2 2 2 1 2
636 1 1 2 1 1 1 1
637 2 1 2 2 2 2 2
638 1 1 1 1 1 2 2
639 2 2 2 2 2 2 1
640 2 2 2 2 2 2 2
641 1 1 2 1 1 2 2
642 2 2 2 2 2 2 2
643 2 2 2 2 2 2 1
644 2 2 1 2 1 2 2
645 1 2 2 2 2 2 2
646 2 2 2 2 2 2 2
647 2 2 2 1 2 2 1
648 2 2 2 2 2 2 2
649 2 1 2 2 1 2 1
650 2 1 2 2 1 2 2
651 2 2 2 1 2 2 2
652 2 2 2 2 1 2 1
653 2 2 2 1 1 2 1
654 1 2 2 1 2 1 1
655 2 2 2 2 2 2 2
656 2 1 2 2 2 2 1
657 2 2 2 2 2 2 2
658 2 1 2 2 2 1 2
659 2 2 2 2 2 2 2
660 2 2 1 2 2 1 2
661 2 2 2 2 2 2 2
662 1 2 1 1 1 2 1
663 2 2 2 2 2 1 2
664 2 2 2 2 2 2 2
665 2 2 1 1 2 1 1
666 2 2 1 2 1 2 2
667 2 2 1 2 1 1 1
668 2 1 2 2 1 2 2
669 1 1 1 1 1 2 1
670 2 2 2 2 2 2 2
671 2 2 2 2 2 2 2
672 1 2 2 1 2 1 2
673 2 1 2 2 2 2 2
674 2 2 2 2 2 1 1
675 1 1 2 1 1 2 2
676 2 2 1 2 1 2 2
677 2 1 2 2 2 2 2
678 1 1 1 2 2 2 1
679 2 2 2 2 2 2 2
680 2 2 1 2 2 2 2
681 1 2 2 1 2 1 2
682 2 2 2 2 1 2 1
683 2 2 1 2 1 2 2
684 2 2 2 1 2 2 1
685 2 2 1 2 2 2 2
686 1 1 1 1 1 1 1
687 2 2 2 2 2 2 1
