1 2 2 2 2 2 1 1
2 2 2 2 1 2 2 2
3 2 1 2 2 2 2 2
4 1 2 2 2 2 1 2
5 2 1 2 2 2 1 2
6 2 2 2 2 2 2 1
7 2 2 2 2 2 2 2
8 2 1 2 2 2 1 1
9 1 2 2 2 1 2 2
10 2 2 2 1 2 2 2
11 2 2 2 2 2 1 2
12 2 1 2 2 2 2 2
13 2 2 2 2 2 1 1
14 2 2 2 2 2 2 2
15 1 2 2 1 1 2 2
16 1 2 2 1 2 2 1
17 1 1 1 1 1 2 1
18 2 2 2 2 2 2 2
19 2 1 2 2 2 2 2
20 2 2 2 2 1 2 1
21 2 2 2 2 2 2 1
22 2 2 2 2 1 2 2
23 2 2 2 2 2 2 2
24 1 2 1 1 1 1 2
25 2 2 2 2 2 2 1
26 1 1 2 2 2 1 2
27 2 1 2 2 2 2 1
28 2 2 1 2 2 2 2
29 2 2 1 2 2 2 2
30 2 2 2 1 1 2 2
31 2 2 2 2 2 2 2
32 1 2 1 2 2 2 2
33 2 2 2 2 2 2 2
34 2 2 2 2 1 2 2
35 1 2 2 2 1 1 2
36 2 1 2 2 1 2 2
37 2 2 1 1 2 2 1
38 2 2 2 2 1 2 2
39 2 2 1 2 2 2 2
40 1 2 2 2 2 2 2
41 2 2 2 2 2 2 2
42 2 2 1 1 1 2 1
43 1 2 2 2 2 1 1
44 2 1 1 2 2 2 2
45 2 2 2 2 2 2 2
46 2 2 2 1 1 2 1
47 2 2 2 1 1 1 2
48 2 2 2 2 2 2 2
49 1 1 2 1 2 2 2
50 2 2 2 2 1 1 2
51 1 1 1 1 1 1 2
52 2 2 2 2 2 2 2
53 2 2 2 2 2 2 2
54 2 2 2 1 1 2 2
55 1 1 1 2 2 1 2
56 1 1 2 2 1 1 2
57 2 2 2 2 1 1 1
58 2 1 2 1 2 1 2
59 1 2 2 1 2 1 1
60 2 2 2 1 1 2 1
61 2 2 2 2 2 2 2
62 2 1 2 2 2 2 2
63 2 2 2 2 1 2 2
64 1 2 2 2 1 1 2
65 1 2 2 1 2 2 2
66 2 2 2 1 2 2 1
67 1 2 1 2 2 2 2
68 2 1 2 2 1 2 2
69 2 2 2 1 2 2 2
70 1 2 2 1 2 1 1
71 2 2 1 2 2 2 2
72 2 1 2 2 2 1 2
73 1 2 2 2 2 2 1
74 1 2 2 2 2 2 2
75 2 2 2 2 2 2 2
76 2 2 2 2 2 1 2
77 1 2 1 1 1 2 2
78 1 1 1 1 1 1 1
79 1 2 1 2 2 2 2
80 2 2 2 2 2 2 2
81 2 2 2 2 2 2 2
82 2 2 2 2 2 2 2
83 2 2 2 2 2 2 2
84 1 2 2 1 2 2 2
85 2 2 2 2 2 2 1
86 2 2 2 2 2 2 2
87 1 2 2 1 2 2 2
88 2 2 2 1 2 2 2
89 1 2 1 2 1 2 2
90 2 2 2 2 2 2 2
91 1 2 2 2 2 2 1
92 1 2 1 2 2 2 2
93 1 1 2 2 2 1 2
94 2 2 2 2 2 2 2
95 2 1 1 1 1 1 1
96 2 1 1 2 1 2 1
97 2 2 1 2 2 2 2
98 2 2 2 2 2 1 2
99 2 2 1 1 2 2 2
100 2 1 1 2 1 2 2
101 2 2 2 2 2 2 2
102 1 1 2 2 2 2 2
103 2 2 2 2 2 2 2
104 2 2 1 2 1 2 2
105 2 2 2 2 1 2 1
106 2 2 2 2 1 1 2
107 2 1 2 2 2 1 2
