1 1 2 2 2 1 2 2
2 2 2 2 1 2 1 2
3 1 2 2 1 2 1 2
4 1 2 2 2 2 2 2
5 2 2 2 2 2 2 2
6 2 2 2 1 2 2 2
7 1 2 2 1 1 2 1
8 2 2 2 2 2 2 2
9 2 2 2 1 1 2 2
10 2 2 2 1 2 1 2
11 2 1 2 1 2 1 1
12 1 2 1 1 1 1 1
13 2 1 2 2 2 2 2
14 1 1 2 2 2 1 1
15 1 2 2 1 1 2 2
16 2 1 1 1 2 1 1
17 2 1 2 1 1 2 1
18 1 1 1 1 1 1 1
19 1 2 2 1 2 2 1
20 2 2 2 2 2 2 2
21 2 2 1 2 2 2 2
22 2 2 1 2 2 1 2
23 1 1 1 1 2 2 1
24 2 2 2 2 2 2 2
25 1 1 1 2 2 1 2
26 1 1 1 1 1 1 2
27 2 2 2 2 2 1 2
28 2 2 1 2 1 2 2
29 2 2 1 1 1 1 1
30 1 2 2 2 1 2 1
31 1 1 2 2 2 2 2
32 1 1 2 2 2 2 1
33 2 2 1 2 2 1 2
34 2 1 1 1 1 1 1
35 2 2 2 2 2 2 2
36 1 2 2 2 2 2 2
37 2 2 2 2 2 2 2
38 1 2 1 2 1 1 2
39 2 1 1 1 1 2 1
40 2 2 2 2 1 2 2
41 2 2 2 2 2 1 2
42 2 2 2 1 2 2 2
43 1 2 1 2 1 1 2
44 1 2 2 2 2 2 2
45 1 2 2 2 1 1 1
46 2 1 1 1 2 1 1
47 2 2 2 2 1 2 2
48 2 2 2 2 2 2 2
49 1 2 2 2 2 2 2
50 2 2 2 2 2 2 2
51 2 2 2 1 2 2 2
52 1 1 1 1 1 2 1
53 2 2 2 2 2 2 2
54 2 2 2 2 2 2 2
55 2 2 1 2 2 2 1
56 1 1 2 1 2 1 1
57 2 2 2 2 2 2 2
58 2 2 1 1 2 2 2
59 1 2 1 2 2 2 2
60 2 1 1 2 2 2 1
61 2 2 2 2 1 2 1
62 2 1 2 1 1 2 2
63 2 2 2 2 2 1 2
64 2 2 1 2 1 2 2
65 2 2 2 2 2 2 2
66 2 2 2 2 1 1 2
67 1 2 2 2 2 2 2
68 1 2 2 1 1 1 1
69 1 2 2 2 2 1 2
70 2 2 2 2 2 2 1
71 1 1 1 2 2 2 2
72 2 2 1 1 2 1 2
73 2 2 2 2 2 2 2
74 1 2 1 1 2 2 2
75 2 2 1 2 2 1 2
76 2 1 1 1 1 1 1
77 2 2 2 2 2 2 1
78 1 1 2 1 1 2 1
79 2 1 1 1 1 1 1
80 1 2 1 2 2 2 2
81 1 1 2 2 1 1 2
82 1 1 1 1 1 2 2
83 1 2 2 2 2 2 1
84 1 1 2 1 2 1 1
85 1 1 1 1 1 2 1
86 1 1 1 2 1 1 1
87 1 1 1 2 1 1 2
88 2 2 1 1 1 2 1
89 2 2 2 2 2 2 2
90 2 2 2 1 1 1 1
91 1 2 1 1 1 1 2
92 2 2 2 1 2 2 1
93 2 2 1 1 2 2 2
94 2 2 1 1 2 2 2
95 2 2 2 1 1 2 2
96 1 1 2 1 1 1 2
97 2 2 2 2 2 1 1
98 2 2 2 2 2 2 2
99 1 1 1 1 1 1 2
100 1 1 1 1 2 1 2
101 2 2 2 2 2 2 2
102 2 1 1 1 1 1 1
103 2 2 2 2 2 2 2
104 2 2 1 1 1 1 1
105 2 2 1 2 2 2 2
106 2 2 2 1 2 2 2
107 2 2 2 1 2 2 1
108 2 1 1 1 2 1 1
109 1 2 2 2 2 1 1
110 2 2 2 1 2 2 2
111 2 2 2 1 2 2 2
112 1 1 1 2 1 1 1
113 1 1 1 1 1 2 1
114 2 2 2 2 2 2 2
115 2 2 2 2 2 2 1
116 1 1 1 1 1 1 1
117 1 1 1 1 2 1 1
118 2 2 2 1 2 1 2
119 1 2 2 2 1 2 2
120 2 2 2 2 2 2 2
121 1 1 1 1 1 1 1
122 2 2 1 2 1 1 1
123 1 1 2 2 2 1 1
124 2 2 2 1 2 2 2
125 1 1 2 2 2 2 1
126 1 1 1 1 1 1 1
127 1 1 1 2 2 1 1
128 2 2 2 2 2 2 2
129 2 2 2 2 2 2 2
130 2 2 2 2 2 1 1
131 1 1 2 1 2 2 1
132 2 1 2 2 2 2 2
133 2 2 2 2 2 2 2
134 1 1 1 1 1 1 1
135 1 1 1 2 1 1 2
136 2 2 2 1 2 1 2
137 2 2 2 2 1 2 1
138 1 2 2 2 2 2 2
139 1 1 1 2 1 2 2
140 2 1 1 1 1 2 2
141 1 2 1 2 2 2 1
142 2 2 1 1 1 1 1
143 1 1 1 1 1 1 1
144 2 2 2 2 2 2 1
145 1 1 1 1 1 1 1
146 2 2 2 2 2 2 1
147 2 2 2 1 2 2 2
148 2 1 2 2 2 2 1
149 1 2 1 2 2 1 1
150 1 2 2 2 2 1 2
151 1 1 1 1 2 1 1
152 2 2 1 2 1 1 2
153 2 2 2 2 2 1 2
154 2 2 2 2 1 2 2
155 1 2 2 2 2 2 1
156 2 1 2 2 1 1 1
157 2 1 2 2 2 1 2
158 1 1 2 1 2 2 2
159 1 2 2 1 1 2 1
160 2 2 2 2 2 2 2
161 2 2 2 1 2 2 2
162 2 2 1 2 2 2 1
163 1 1 1 1 1 1 1
164 2 2 1 2 2 2 2
165 2 2 2 1 2 2 2
166 2 2 1 1 1 1 1
167 2 2 2 2 2 2 2
168 1 1 1 2 2 2 1
169 1 2 2 1 2 2 2
170 1 1 2 1 1 1 1
171 2 1 2 2 2 2 2
172 2 2 1 2 2 2 2
173 2 1 1 1 1 1 1
174 2 2 2 2 2 2 2
175 2 2 2 2 2 2 2
176 2 2 1 1 1 2 2
177 1 1 1 1 1 1 1
178 1 2 2 2 2 2 1
179 2 1 2 2 1 1 2
180 1 2 1 2 2 2 2
181 2 2 2 1 1 2 2
182 1 1 2 1 2 1 1
183 2 2 1 2 2 2 2
