1 1 1 1 2
2 2 2 2 2
3 2 1 2 1
4 1 1 1 2
5 1 1 1 1
6 1 2 1 2
7 1 2 1 1
8 2 2 2 1
9 1 2 1 1
10 1 2 2 1
11 1 1 2 2
12 2 2 1 2
13 1 2 1 1
14 1 2 1 1
15 2 2 2 2
16 1 1 1 2
17 2 2 2 2
18 2 1 2 1
19 1 2 1 1
20 1 1 1 2
21 1 1 2 1
22 1 2 1 1
23 1 2 1 1
24 1 1 1 1
25 1 1 2 2
26 2 1 1 1
27 2 2 2 2
28 1 1 2 2
29 1 1 1 1
30 1 1 1 1
31 1 1 1 1
32 1 1 1 1
33 1 2 1 1
34 2 2 1 1
35 2 2 2 2
36 2 1 1 1
37 2 2 1 1
38 2 1 1 2
39 1 1 1 1
40 1 1 1 1
41 2 2 2 1
42 1 2 2 1
43 2 1 1 1
44 1 2 2 2
45 1 1 1 1
46 2 1 1 1
47 2 1 1 1
48 2 2 2 1
49 1 1 1 1
50 1 1 1 1
51 1 1 1 1
52 1 1 1 1
53 1 1 2 1
54 2 2 1 1
55 1 1 2 1
56 2 2 1 2
57 2 1 1 2
58 2 1 2 2
59 2 2 1 2
60 2 1 1 1
61 2 1 2 1
62 2 1 2 2
63 1 2 2 2
64 2 2 1 2
65 2 1 2 1
66 2 2 2 2
67 2 1 1 1
68 1 1 2 2
69 1 1 2 2
70 1 2 2 1
71 1 1 1 1
72 1 1 1 1
73 1 2 2 1
74 2 1 2 2
75 1 1 2 2
76 1 2 2 1
77 2 1 2 1
78 1 1 1 1
79 1 1 2 1
80 1 2 1 2
81 2 2 1 1
82 2 1 2 2
83 1 2 2 1
84 2 2 2 1
85 1 1 1 1
86 1 1 1 1
87 1 2 2 1
88 1 2 1 1
89 2 1 1 1
90 1 1 1 2
91 1 2 2 2
92 1 1 1 1
93 1 1 1 1
94 2 2 1 2
95 1 2 1 1
96 1 1 1 1
97 2 1 1 1
98 1 1 2 1
99 1 1 1 1
100 2 1 2 1
101 1 1 1 2
102 1 1 1 2
103 1 1 1 1
104 2 2 2 2
105 1 1 2 1
106 1 1 2 1
107 1 2 1 1
108 1 1 1 1
109 1 2 2 2
110 1 1 1 2
111 1 2 2 1
112 1 1 2 1
113 1 1 1 1
114 1 1 1 1
115 1 1 1 1
116 2 1 2 1
117 2 2 2 2
118 1 1 2 2
119 2 1 2 2
120 2 2 1 1
121 1 1 2 2
122 1 2 2 2
123 2 1 2 1
124 2 1 2 2
125 2 2 1 1
126 2 1 1 1
127 2 2 1 2
128 2 1 1 2
129 1 1 1 1
130 1 2 1 1
131 1 2 2 1
132 1 1 1 1
133 2 2 2 1
134 2 2 2 2
135 2 2 2 1
136 2 2 1 1
137 1 1 2 1
138 2 2 2 1
139 1 1 2 1
140 2 1 1 1
141 1 1 2 1
142 2 2 1 2
143 2 1 2 1
144 1 1 2 2
145 2 2 2 1
146 1 1 2 2
147 1 1 2 1
148 1 1 2 1
149 1 1 1 1
150 2 2 2 2
151 2 1 2 1
152 1 1 1 2
153 1 1 1 1
154 2 2 2 1
155 1 2 1 1
156 2 2 2 2
157 2 2 2 2
158 2 2 2 2
159 2 1 2 2
160 2 2 1 1
161 1 2 2 2
162 1 2 1 1
163 1 2 2 1
164 2 2 2 2
165 1 1 1 1
166 1 2 1 1
167 1 1 1 1
168 1 2 2 2
169 2 2 2 1
170 1 1 2 2
171 1 1 1 1
172 1 1 1 1
173 2 2 1 1
174 1 1 1 1
175 2 1 2 2
176 2 1 2 2
177 1 1 2 1
178 2 2 2 2
179 1 1 1 1
180 1 1 2 1
181 2 2 2 1
182 1 2 1 2
183 2 2 2 2
184 1 1 1 1
185 1 2 2 1
186 1 1 1 1
187 2 2 2 2
188 2 1 1 1
189 1 1 1 1
190 2 1 1 2
191 1 1 1 1
192 2 2 2 2
193 2 2 2 1
194 1 1 1 1
195 1 2 1 1
196 2 1 2 2
197 1 1 1 1
198 1 1 1 1
199 2 2 1 2
200 1 1 1 1
201 2 2 2 2
202 1 2 2 1
203 1 2 2 2
204 2 1 1 1
205 1 1 1 1
206 1 1 1 1
207 2 1 1 1
208 1 2 2 2
209 1 1 1 1
210 1 1 2 1
211 1 1 1 1
212 1 1 2 1
213 1 1 2 1
214 1 1 1 1
215 2 2 1 2
216 1 2 1 1
217 2 2 1 1
218 1 1 1 1
219 1 1 1 1
220 2 2 2 2
221 1 2 2 1
222 1 1 1 1
223 2 2 2 2
224 2 1 2 2
225 2 2 2 2
226 1 1 2 2
227 2 1 1 2
228 2 2 2 2
229 2 1 1 1
230 1 2 2 1
231 1 1 1 1
232 1 1 1 1
233 1 1 2 1
234 1 2 1 2
235 1 1 1 1
236 2 1 1 2
237 1 1 1 1
238 1 2 2 2
239 1 1 1 1
240 2 2 1 1
241 1 1 2 2
242 2 2 1 2
243 2 1 2 1
244 1 2 2 1
245 2 2 2 2
246 1 2 1 1
247 1 1 1 2
248 2 1 2 1
