1 2 2 2 2 2 2 2 2
2 1 1 2 2 2 2 1 2
3 2 2 2 2 1 1 2 1
4 2 1 2 2 1 2 1 2
5 2 2 2 2 2 2 2 2
6 2 2 2 2 1 1 2 1
7 2 1 2 2 2 2 2 2
8 2 1 1 2 2 2 2 2
9 2 2 1 2 2 1 2 1
10 2 2 2 2 2 2 2 2
11 2 2 2 2 2 1 2 2
12 2 2 2 2 2 2 2 1
13 2 1 2 2 2 1 1 1
14 2 1 2 2 2 2 1 1
15 2 1 2 1 2 2 2 2
16 1 1 1 1 2 2 2 2
17 1 1 1 2 2 2 2 2
18 2 2 2 2 1 2 2 2
19 1 1 1 1 2 2 1 2
20 2 2 2 2 2 1 2 2
21 2 2 1 2 2 1 1 1
22 1 1 1 2 2 2 2 2
23 1 2 2 1 1 1 1 1
24 1 2 2 2 1 2 1 1
25 1 2 2 2 2 1 2 2
26 2 1 1 2 1 2 1 2
27 2 2 1 2 1 2 1 1
28 1 1 2 2 1 2 2 2
29 2 2 2 2 2 1 2 1
30 2 2 1 2 1 1 2 2
31 2 1 1 2 2 1 2 2
32 2 2 1 2 2 1 2 2
33 2 1 2 2 2 2 2 2
34 2 1 2 2 2 2 2 2
35 2 2 1 1 1 2 1 1
36 1 1 2 1 2 2 1 2
37 2 2 1 1 1 1 1 2
38 2 2 2 2 2 2 2 2
39 2 2 1 2 1 1 2 1
40 2 1 2 2 2 2 1 1
41 2 1 2 1 1 2 1 1
42 2 1 2 1 1 1 1 1
43 1 1 1 2 1 1 1 1
44 2 2 1 1 1 2 2 1
45 2 2 2 2 2 2 2 2
46 2 2 1 2 2 2 2 1
47 1 1 1 1 1 1 1 1
48 2 2 1 2 2 1 2 1
49 1 1 1 1 2 2 1 1
50 2 2 2 1 1 2 2 1
51 1 1 1 2 1 1 1 1
52 1 1 2 2 2 2 2 1
53 1 2 1 2 1 2 2 2
54 2 2 2 1 2 1 2 2
55 2 2 2 2 1 2 1 2
56 1 1 2 2 1 2 1 1
57 2 2 2 1 2 2 2 2
58 1 1 2 2 2 2 2 2
59 2 1 2 2 1 1 1 1
60 2 2 2 2 2 2 2 2
61 2 1 1 2 1 1 1 1
62 2 2 1 1 1 2 1 1
63 1 1 2 2 1 1 2 2
64 2 2 1 1 2 1 2 2
65 2 2 1 2 1 1 2 1
66 1 1 1 2 1 2 2 1
67 2 1 2 2 1 1 1 2
68 2 2 2 2 2 1 2 1
69 2 2 2 2 1 1 2 1
70 1 1 2 2 2 2 1 2
71 1 2 1 2 1 2 1 2
72 1 1 1 2 2 2 2 2
73 2 2 2 2 2 2 2 2
74 1 1 1 1 2 1 2 1
75 2 2 2 2 2 2 2 1
76 2 2 2 2 2 2 2 2
77 2 1 2 2 1 2 1 1
78 1 2 1 2 2 1 2 1
79 2 2 2 2 2 1 2 2
80 1 2 2 2 2 2 2 2
81 2 1 2 1 2 2 2 1
82 2 2 1 2 1 2 1 2
83 1 2 1 2 1 1 1 1
84 1 1 1 2 1 2 1 1
85 2 2 1 2 2 1 2 2
86 2 2 2 1 2 2 1 1
87 2 2 2 2 2 1 2 1
88 2 2 2 2 2 2 2 2
89 1 1 1 1 1 2 2 1
90 1 2 2 2 1 1 2 2
91 2 2 1 2 1 2 1 2
92 2 2 2 2 1 1 2 1
93 2 1 1 1 1 2 1 1
94 2 2 1 2 2 2 2 2
95 1 2 1 2 2 2 2 1
96 2 1 2 2 1 1 2 2
97 1 1 2 2 2 2 2 2
98 2 2 2 2 2 2 2 2
99 1 2 2 2 2 2 2 2
100 2 1 1 2 2 2 1 1
101 1 1 1 1 2 1 2 1
102 2 2 2 2 2 2 2 1
103 2 1 2 1 2 2 1 2
104 1 1 1 1 1 2 1 1
105 2 2 2 1 1 1 1 2
106 1 2 1 2 2 2 2 2
107 1 1 1 1 2 1 2 1
108 2 2 1 1 1 1 2 1
109 1 1 1 1 1 1 2 1
110 1 1 1 1 2 1 1 1
111 2 1 1 1 1 1 1 1
112 2 2 2 2 1 2 2 2
113 2 2 1 1 2 2 2 2
114 2 1 1 1 1 1 2 1
115 2 2 1 1 1 2 1 2
116 2 1 1 1 1 1 2 2
117 2 1 2 2 2 1 1 1
118 2 2 2 2 2 2 1 2
119 2 2 2 2 2 2 1 2
120 2 1 1 1 1 1 1 2
121 1 2 2 2 1 1 2 1
122 1 1 1 2 1 1 2 1
123 2 1 1 2 1 1 1 2
124 1 2 1 1 1 1 1 1
125 2 2 2 2 1 2 2 2
126 1 2 2 2 2 2 2 2
127 1 2 2 2 1 2 1 2
128 1 1 1 1 2 1 2 2
129 1 2 2 1 2 1 1 1
130 1 1 2 2 2 2 2 2
131 2 1 1 2 2 2 2 2
132 1 2 2 1 1 2 1 1
133 1 1 2 2 2 1 1 1
134 2 1 2 2 2 2 2 1
135 1 2 2 1 2 2 1 1
136 2 1 2 2 1 1 1 1
137 2 2 1 2 2 1 2 2
138 2 1 1 2 2 1 1 1
139 1 2 2 2 2 2 2 2
140 2 2 2 2 2 2 2 2
141 2 2 2 2 2 2 1 2
142 2 2 2 2 1 1 2 1
143 1 2 1 2 1 2 2 1
144 2 2 1 1 2 2 1 1
145 2 2 1 1 1 1 1 2
146 2 2 2 1 2 2 2 2
147 2 2 1 1 1 2 2 2
148 1 1 2 2 2 1 2 2
149 2 1 2 2 1 1 2 2
150 2 2 1 2 2 2 2 2
151 2 2 1 2 1 2 1 1
152 1 2 1 2 1 2 2 2
153 1 1 1 1 1 1 2 1
154 1 2 1 1 2 1 2 1
155 2 2 2 2 2 2 2 1
156 2 1 1 1 1 1 1 1
157 2 2 2 2 2 2 2 2
158 1 2 1 2 2 1 2 2
159 1 2 2 2 2 1 1 2
160 2 2 2 1 2 2 2 2
161 1 1 1 1 1 2 2 2
162 1 1 2 2 2 2 2 2
163 2 1 2 1 2 2 2 2
164 1 1 1 1 1 1 2 1
165 1 2 2 1 2 2 2 1
166 1 1 1 2 2 1 1 1
167 1 1 2 1 1 1 1 2
168 2 2 2 2 2 2 2 1
169 2 2 2 2 2 2 2 2
170 2 2 2 2 2 2 2 1
171 2 2 2 2 2 1 2 1
172 1 1 1 1 1 1 1 1
173 1 1 2 2 1 1 2 2
174 2 1 2 2 2 2 2 1
175 2 2 2 2 1 2 1 2
176 1 1 1 2 1 1 1 1
177 2 2 1 2 2 1 1 2
178 1 2 1 1 1 1 1 2
179 2 1 1 1 2 1 1 2
180 1 1 1 1 1 1 2 1
181 2 2 2 2 2 1 2 2
182 2 2 1 2 2 2 2 2
183 1 2 1 2 2 2 2 2
184 2 2 1 2 2 1 2 1
185 2 2 2 2 2 2 2 2
186 1 1 1 2 1 1 1 1
187 1 1 2 2 2 2 1 1
188 1 1 1 2 2 2 1 1
189 2 2 2 2 2 2 2 1
190 2 1 1 2 1 2 2 2
191 1 1 2 1 1 2 2 2
192 2 2 2 2 2 1 2 2
193 1 1 1 1 1 1 1 1
194 2 2 1 2 2 1 1 2
195 1 2 1 2 2 2 1 2
196 2 2 2 2 1 2 2 2
197 1 1 2 2 1 2 1 1
198 1 1 2 1 2 1 1 2
199 2 1 2 1 2 1 1 2
200 1 2 1 2 2 2 2 2
201 1 2 2 2 2 2 2 2
202 1 1 2 1 1 1 2 1
203 1 2 1 1 1 1 1 1
204 2 2 1 2 2 2 2 2
205 2 2 2 1 1 2 2 2
206 2 1 1 1 1 1 1 1
207 1 1 1 2 1 1 1 1
208 2 1 1 1 2 2 2 2
209 1 1 2 2 1 2 2 1
210 2 2 1 2 1 2 2 2
211 2 2 1 2 2 2 2 1
212 1 2 1 1 2 1 1 1
213 1 2 2 1 1 1 1 1
214 1 1 2 2 1 1 2 2
215 1 2 1 2 1 2 1 2
216 1 1 1 2 1 1 2 2
217 2 1 2 1 1 1 1 2
218 1 2 2 1 2 2 1 2
219 2 2 2 2 2 2 2 2
220 1 1 1 2 2 1 1 1
221 1 1 2 2 2 1 2 2
222 2 2 2 2 2 2 2 1
223 2 1 2 1 2 1 2 2
224 2 1 1 2 1 2 1 2
225 2 2 2 2 1 2 2 2
226 2 1 2 2 2 2 1 1
227 1 2 2 1 1 1 2 1
228 2 2 2 1 1 2 1 2
229 1 2 2 2 2 2 2 1
230 2 2 1 2 1 2 2 2
231 2 2 1 2 1 2 2 2
232 1 2 1 2 1 2 2 1
233 2 1 1 1 1 1 2 1
234 2 2 2 2 2 2 2 1
235 2 2 2 2 2 2 2 2
236 2 1 1 1 2 2 2 2
237 2 1 1 1 2 2 1 2
238 1 2 1 2 1 2 2 2
239 2 1 2 2 2 2 2 2
240 2 1 2 2 2 1 1 1
241 2 1 2 2 2 2 2 2
242 2 2 2 2 1 2 1 2
243 2 2 1 2 2 1 1 2
244 1 1 2 1 2 1 1 1
245 1 2 2 2 2 1 2 2
246 1 1 1 2 1 2 1 2
247 2 2 2 1 2 2 2 2
248 1 1 2 1 1 2 2 1
249 2 2 2 1 2 2 2 2
250 2 1 1 2 2 2 2 2
251 1 2 1 1 1 1 1 2
252 1 1 2 2 1 1 2 2
253 1 1 1 2 1 1 1 2
254 2 2 1 2 1 2 2 2
255 2 2 2 1 2 2 1 2
256 2 2 2 1 2 2 2 1
257 1 1 1 2 1 2 1 1
258 2 2 2 2 2 2 2 2
259 2 2 2 2 2 2 2 2
260 2 2 2 2 2 2 2 2
261 2 1 2 2 2 2 2 2
262 1 1 1 2 1 1 2 1
263 1 1 1 1 2 2 2 1
264 1 2 2 2 1 2 2 1
265 1 2 2 1 2 2 2 1
266 2 2 2 1 2 1 1 1
267 2 1 1 1 2 2 2 1
268 1 1 1 1 1 2 2 1
269 2 2 2 2 2 1 2 1
270 2 2 1 1 1 1 1 1
271 2 1 1 2 2 1 2 1
272 2 1 2 2 1 1 2 1
