1 2 2 2 2 2 2 2 2
2 2 1 2 2 1 2 1 1
3 2 2 2 2 2 2 1 2
4 1 1 2 1 2 2 2 1
5 2 2 1 2 2 2 2 1
6 2 2 2 1 1 2 1 2
7 2 2 2 2 2 2 2 2
8 1 2 2 2 2 1 2 2
9 1 2 1 2 2 2 2 2
10 2 2 2 1 2 2 2 1
11 2 2 2 1 2 2 2 2
12 2 2 2 2 2 2 2 2
13 1 2 2 1 1 1 1 2
14 2 1 1 2 2 1 1 2
15 2 2 1 2 2 2 2 2
16 1 2 1 2 2 2 2 1
17 2 2 2 2 2 2 2 2
18 1 1 1 1 1 1 1 2
19 1 2 2 2 2 2 2 2
20 1 2 2 2 2 1 2 2
21 2 2 1 2 2 2 2 2
22 2 2 2 1 2 1 1 1
23 1 1 1 1 1 2 2 2
24 2 2 2 2 2 2 2 2
25 1 2 2 2 2 2 2 2
26 2 2 2 2 1 2 2 1
27 1 2 2 2 2 2 2 2
28 2 2 1 1 1 1 2 2
29 1 2 2 2 2 2 2 2
30 2 2 2 1 2 2 2 1
31 2 2 2 1 2 2 2 2
32 2 2 1 1 2 2 2 1
33 2 2 2 2 1 2 2 1
34 2 2 2 2 2 2 2 1
35 2 2 2 2 2 2 2 1
36 2 2 2 2 2 2 2 2
37 2 2 2 2 2 2 2 1
38 1 2 2 2 2 2 2 1
39 2 2 2 2 2 2 2 2
40 2 2 2 1 1 2 2 2
41 2 2 2 2 2 2 2 2
42 2 2 2 2 2 1 2 1
43 2 2 2 2 1 2 2 2
44 2 2 2 2 2 2 2 2
45 2 2 2 1 2 2 2 2
46 2 2 2 2 1 2 2 2
47 2 2 1 2 1 2 2 2
48 2 2 1 1 2 1 2 2
49 2 1 2 2 1 2 2 2
50 1 2 2 2 2 2 2 2
51 1 1 1 1 1 1 1 1
52 1 1 1 2 2 2 2 1
53 2 2 2 2 2 2 2 2
54 2 1 2 1 2 2 1 2
55 2 2 2 2 2 1 2 2
56 1 2 1 1 2 2 2 2
57 1 2 2 2 2 2 2 2
58 2 2 2 2 2 2 1 1
59 2 2 2 2 2 2 2 1
60 1 2 1 2 2 2 2 2
61 2 2 1 2 2 2 2 2
62 1 2 1 2 2 2 2 2
63 2 2 2 1 2 2 2 1
64 2 2 2 1 2 1 1 2
65 2 2 2 1 2 2 2 2
66 2 2 2 2 2 2 2 1
67 2 2 2 1 2 2 2 1
68 2 2 2 2 2 2 2 2
69 2 1 1 1 2 1 2 1
70 2 2 2 1 1 2 1 2
71 2 2 2 2 2 2 2 1
72 2 2 1 2 2 2 1 1
73 2 2 2 2 2 2 2 2
74 2 1 2 2 2 2 2 2
75 1 2 2 1 2 2 2 2
76 1 2 1 1 2 2 2 2
77 2 2 2 1 2 1 2 2
78 2 1 2 2 2 1 1 2
79 2 2 2 2 2 2 2 2
80 2 1 1 2 2 2 2 2
81 2 2 2 2 2 1 1 1
82 2 2 2 2 2 2 2 2
83 2 2 2 2 1 2 1 2
84 2 2 2 2 2 2 1 2
85 2 1 2 2 2 2 1 2
86 2 2 2 2 2 1 2 2
87 2 1 2 1 2 1 2 2
88 2 2 2 2 2 1 2 2
89 1 2 2 2 2 2 2 2
90 1 2 2 2 1 1 1 1
91 1 2 1 2 1 1 1 1
92 2 2 2 2 2 2 2 2
93 2 1 2 2 2 2 2 2
94 2 2 2 1 2 2 1 1
95 2 2 2 2 2 2 2 1
96 2 2 2 2 2 1 2 2
97 2 2 2 2 2 1 1 2
98 1 1 2 2 2 2 1 1
99 2 2 2 2 2 2 2 2
100 2 2 2 2 2 2 2 2
101 2 2 2 2 1 2 2 2
102 2 2 2 2 2 1 2 1
103 2 2 2 2 2 1 2 2
104 2 2 2 2 2 2 2 2
105 1 1 1 1 1 2 1 1
106 2 2 1 2 2 2 2 1
107 2 2 1 2 2 2 2 2
108 2 2 2 2 2 2 2 2
109 2 1 2 1 1 2 1 2
110 2 2 2 2 2 2 2 2
111 2 2 1 1 2 2 2 2
112 1 2 2 2 2 2 2 2
113 2 2 2 2 2 2 2 2
114 2 2 2 2 2 2 2 2
115 1 2 1 2 2 1 1 2
116 1 1 1 1 1 1 2 1
117 2 2 1 1 2 2 2 1
118 2 2 2 2 2 2 2 1
119 2 2 2 2 2 2 2 2
120 2 2 2 2 2 2 2 2
121 2 2 1 1 2 2 2 2
122 2 1 1 2 1 1 2 2
123 2 2 1 1 1 2 1 2
124 2 2 1 2 1 1 1 2
125 2 2 1 2 2 1 2 2
126 2 2 2 2 2 2 2 2
127 2 2 1 1 2 2 2 1
128 1 2 2 1 2 2 2 2
129 2 1 2 2 2 2 1 2
130 1 1 2 2 2 2 2 2
131 2 2 2 2 2 2 2 2
132 1 2 2 2 1 2 2 1
133 1 2 2 1 2 2 1 2
134 2 2 2 1 2 2 1 2
135 2 2 2 2 1 1 2 2
136 2 2 2 2 2 2 2 2
137 2 2 2 2 1 1 2 1
138 2 2 2 2 2 2 2 2
139 2 1 2 2 1 2 2 2
140 1 2 1 2 2 2 2 2
141 2 2 2 1 2 2 1 2
142 2 1 1 2 2 1 1 2
143 2 2 2 2 2 2 2 2
144 2 2 1 2 2 2 2 2
145 2 1 2 2 2 2 1 2
146 2 2 1 2 2 2 2 2
147 2 2 2 2 2 2 2 2
148 2 2 2 1 2 2 2 1
149 2 2 2 2 2 1 2 2
150 2 2 2 1 2 2 1 1
151 2 2 2 2 2 2 2 2
152 2 2 2 1 2 2 2 2
153 1 2 1 1 2 1 1 2
154 1 1 1 1 2 2 1 2
155 2 2 2 2 2 2 2 2
156 2 2 1 2 2 2 2 2
157 2 2 2 2 2 2 2 2
158 2 2 1 2 1 2 1 1
159 1 2 1 1 2 1 1 2
160 2 2 2 2 2 2 2 1
161 1 2 2 2 2 2 2 1
162 2 2 2 2 2 2 2 2
163 2 2 2 1 1 2 2 1
164 2 1 1 2 2 2 1 2
165 2 1 2 2 2 1 2 2
166 2 1 2 2 2 2 1 2
167 2 2 2 2 2 2 2 2
168 1 1 1 2 2 1 2 1
169 2 1 2 2 1 1 2 1
170 2 2 2 2 2 2 2 2
171 2 2 2 2 2 2 2 2
172 2 2 2 2 2 2 2 2
173 1 1 2 2 2 1 2 1
174 2 2 2 2 1 2 2 2
175 2 2 2 2 2 2 2 2
176 2 2 2 2 2 2 2 1
177 2 2 2 2 2 2 2 2
178 2 2 2 1 2 2 2 2
179 2 2 1 2 2 2 1 1
180 2 1 2 2 2 2 2 2
181 1 2 1 2 2 2 1 1
182 2 2 2 2 2 2 1 2
183 2 2 2 2 1 1 1 2
184 2 2 2 2 2 2 1 2
185 2 2 2 2 1 2 1 2
186 2 2 2 2 2 2 2 1
187 2 1 1 1 2 1 1 1
188 1 1 1 1 1 1 1 2
189 1 1 1 2 2 2 2 1
190 2 2 2 1 2 2 2 1
191 2 2 2 2 2 2 2 2
192 1 1 1 1 2 1 1 2
193 2 2 2 2 2 2 1 2
194 2 1 2 2 1 1 2 2
195 2 2 2 2 2 2 2 1
196 2 2 2 2 2 2 2 1
197 1 2 2 2 2 2 2 2
198 2 1 2 2 2 1 2 1
199 2 2 2 1 2 2 2 2
200 2 2 2 2 1 2 2 2
201 2 2 2 2 2 2 2 2
202 2 2 2 1 2 2 2 2
203 1 2 2 2 2 2 2 2
204 2 1 2 2 1 2 1 1
205 2 2 1 2 2 2 2 1
206 2 2 2 1 1 2 2 2
207 1 1 1 1 2 1 2 1
208 2 2 2 2 2 2 2 2
209 2 2 2 2 2 2 2 2
210 1 1 1 1 1 2 1 1
211 2 2 2 2 2 2 2 2
212 2 2 2 2 2 2 2 2
213 2 2 2 2 2 2 2 2
214 1 2 2 1 1 1 1 1
215 2 2 1 2 2 1 1 2
216 2 1 1 1 1 1 1 1
217 2 2 2 2 2 1 2 2
218 2 2 1 1 1 1 1 1
219 2 2 2 2 2 2 2 2
220 2 2 2 2 2 2 2 2
221 2 2 2 2 2 2 2 2
222 1 1 2 2 1 1 2 2
223 2 2 1 1 1 1 2 1
224 2 2 2 2 2 2 2 2
225 1 2 1 2 2 2 1 2
226 1 1 1 1 1 2 1 2
227 2 2 2 2 1 2 2 2
228 2 2 2 2 2 2 2 2
229 2 2 2 2 2 2 2 2
230 2 2 2 2 2 2 2 2
231 1 2 2 1 2 2 2 2
232 2 2 2 2 2 2 2 2
233 2 2 2 2 2 2 2 2
234 1 2 2 2 2 2 2 1
235 1 2 2 1 2 2 2 2
236 2 2 2 2 2 2 2 2
237 2 2 2 1 2 2 1 2
238 2 2 2 2 2 2 2 2
239 2 2 2 2 2 2 2 2
240 2 2 2 2 2 2 2 2
241 2 2 2 2 2 2 2 2
242 1 1 1 1 2 2 2 2
243 2 2 2 2 2 2 2 1
244 2 2 2 1 2 2 2 2
245 2 2 2 2 2 2 1 2
246 2 2 2 2 2 2 2 2
247 1 2 2 2 2 2 2 2
248 2 2 2 2 2 2 2 2
249 1 2 2 1 2 1 1 2
250 2 2 2 2 2 2 1 2
251 2 2 2 1 2 2 1 2
252 2 1 2 2 2 2 2 2
253 1 2 2 2 2 2 2 2
254 1 2 2 2 1 1 2 1
255 2 2 2 2 2 2 2 2
256 2 2 1 2 1 2 2 2
257 2 2 2 1 2 1 2 2
258 2 2 2 2 2 2 2 2
259 1 1 1 1 1 1 1 1
260 2 2 2 2 2 2 2 2
261 1 1 2 1 2 1 1 1
262 2 2 2 2 2 2 2 2
263 2 2 2 2 2 2 1 1
264 2 2 2 2 2 2 2 2
265 2 2 2 2 2 2 1 2
266 2 2 1 1 2 1 1 1
267 2 1 1 2 2 2 2 2
268 2 1 1 2 1 2 1 1
269 2 2 2 1 2 2 2 2
270 2 2 2 2 1 2 2 2
271 2 2 1 2 2 2 2 2
272 2 2 2 2 1 2 2 2
273 2 2 2 2 2 2 2 2
274 2 2 2 2 1 1 2 2
275 2 2 1 2 1 2 2 2
276 1 2 2 2 2 2 2 2
277 2 2 2 2 2 2 1 2
278 2 2 2 1 2 2 2 2
279 2 2 2 2 2 2 2 2
280 2 2 2 2 2 2 2 2
281 2 2 2 1 2 2 2 2
282 1 2 2 2 1 2 2 2
283 2 2 2 1 2 2 2 2
284 2 2 1 2 2 2 2 1
285 1 1 1 1 1 1 1 1
286 2 2 2 2 2 2 2 2
287 1 1 1 1 1 2 1 1
288 2 1 1 1 1 1 1 2
289 2 2 2 1 1 2 2 1
290 2 2 2 1 2 2 2 2
291 2 2 2 2 1 2 1 2
292 2 2 2 2 2 2 2 2
293 1 2 2 2 2 2 2 1
294 2 2 2 2 2 2 2 2
295 1 1 2 1 2 2 1 2
296 2 2 2 2 1 1 1 2
297 2 2 1 2 2 2 2 2
298 1 2 1 2 2 2 2 2
299 2 2 2 2 2 2 2 2
300 1 1 1 1 2 1 1 1
301 2 2 2 2 2 2 2 2
302 2 2 2 1 2 2 2 2
303 2 2 2 2 1 2 2 2
304 2 2 1 2 1 2 2 2
305 2 2 2 2 2 1 2 2
306 2 2 2 2 2 2 1 2
307 2 2 2 2 2 2 2 2
308 2 2 1 2 2 2 2 2
309 2 2 2 1 2 2 2 1
310 2 2 2 2 2 2 2 2
311 2 2 1 2 2 2 1 2
312 1 2 1 1 1 1 2 1
313 1 1 1 1 2 1 1 1
314 2 2 2 1 2 2 2 1
315 2 2 2 2 1 2 2 2
316 2 2 2 2 1 2 2 2
317 2 2 2 2 1 2 2 2
318 2 2 2 1 2 1 2 2
319 2 2 2 1 2 2 2 1
320 2 2 2 2 2 2 2 1
321 2 2 2 2 2 2 1 2
322 2 2 2 2 2 1 2 2
323 2 2 2 1 1 1 2 2
324 2 2 2 2 2 1 2 2
325 2 2 2 2 2 2 2 2
326 2 2 1 2 2 2 2 2
327 2 2 2 2 2 2 2 2
328 1 2 1 1 1 1 1 1
329 2 2 2 2 2 2 2 2
330 2 2 2 2 1 2 2 2
331 2 2 1 1 1 2 2 1
332 2 2 2 2 2 2 2 2
333 2 2 1 1 1 1 1 1
334 2 2 2 2 1 2 2 2
335 2 2 1 2 2 2 2 2
336 2 2 2 2 2 2 2 1
337 2 2 2 2 2 2 1 2
338 2 2 1 2 2 2 2 2
339 1 2 2 2 2 2 2 2
340 1 2 1 2 1 2 1 1
341 1 1 2 2 2 2 1 1
342 2 2 2 2 2 2 2 2
343 2 2 2 2 2 2 2 2
344 1 2 2 2 2 2 2 2
345 2 2 2 2 2 2 2 2
346 2 2 2 2 2 2 2 2
347 2 2 2 2 2 2 2 2
348 2 2 2 2 2 1 2 2
349 1 1 1 1 1 1 2 1
350 2 2 2 2 2 2 2 1
351 2 1 2 2 1 2 2 2
352 2 1 2 2 2 2 1 2
353 1 1 1 2 2 2 2 2
354 2 2 1 2 2 2 2 1
355 2 2 2 2 1 2 2 2
356 2 2 2 2 2 2 2 2
357 1 2 2 2 2 2 1 2
358 2 2 2 2 2 2 2 2
359 2 2 2 2 1 2 2 1
360 1 2 1 2 2 2 1 1
361 2 1 2 2 2 2 2 1
362 2 2 2 2 2 2 1 1
363 1 2 2 2 1 2 2 1
364 2 2 2 1 2 1 2 2
365 2 2 2 2 2 1 1 2
366 2 2 2 2 2 2 2 2
367 2 2 1 2 2 1 2 2
368 2 2 2 2 2 2 1 2
369 2 2 2 2 2 2 1 2
370 2 1 1 2 2 1 1 2
371 2 1 2 1 2 2 2 2
372 2 2 2 2 2 2 1 1
373 2 1 2 2 2 2 2 2
374 1 1 2 2 1 1 2 1
375 2 2 1 2 2 2 2 1
376 1 1 1 1 1 1 1 2
377 2 2 1 2 2 2 2 2
378 2 2 1 2 2 2 2 2
379 2 1 2 2 2 2 2 1
380 2 2 2 2 1 2 1 1
381 2 2 2 2 2 2 2 2
382 2 2 2 2 2 2 2 1
383 1 2 2 1 2 2 2 2
384 2 2 2 1 1 1 2 2
385 2 2 2 2 1 1 2 2
386 2 1 1 1 2 2 2 2
387 2 2 1 2 2 1 1 2
388 2 2 2 2 2 2 2 2
389 1 2 2 2 2 2 2 2
390 2 2 2 1 2 2 2 2
391 2 2 1 1 2 2 2 1
392 2 2 2 2 2 2 2 1
393 2 2 2 2 2 2 2 2
394 2 2 2 2 2 2 2 2
395 2 2 2 2 1 1 2 2
396 2 2 2 2 2 2 2 2
397 2 2 2 2 2 2 2 2
398 2 2 1 1 2 2 2 2
399 1 1 2 1 2 2 1 1
400 1 2 2 2 2 1 1 2
401 2 2 2 2 2 1 2 1
402 2 1 1 1 2 1 1 1
403 2 2 2 2 2 2 2 2
404 2 2 2 2 2 2 2 2
405 2 2 2 2 1 1 2 2
406 2 1 2 1 1 1 1 2
407 2 2 2 2 2 2 2 1
408 2 2 2 1 2 2 2 2
409 1 2 1 1 1 1 2 2
410 2 2 2 2 2 2 2 2
411 1 2 1 2 2 2 2 2
412 2 2 1 2 2 2 1 2
413 2 2 2 1 2 1 2 2
414 2 1 2 2 2 2 2 2
415 2 2 2 1 1 2 2 1
416 2 1 1 2 2 2 1 2
417 2 2 2 2 2 2 2 1
418 2 2 1 2 2 2 2 2
419 1 1 1 2 1 1 1 1
420 2 2 2 2 2 2 2 2
421 2 2 2 2 2 2 2 2
422 2 1 1 1 2 2 2 1
423 2 2 2 1 1 2 2 2
424 2 2 2 1 2 2 2 1
425 2 2 2 1 2 2 2 2
426 2 2 1 2 2 2 2 2
427 1 2 1 1 2 2 2 2
428 2 2 2 1 2 1 2 2
429 2 2 2 2 2 2 1 2
