1 1 2 1 1 2 2 1 1 1
2 1 1 1 1 1 2 2 1 1
3 2 2 2 2 2 1 2 2 2
4 1 2 2 1 1 1 2 1 2
5 2 1 1 1 1 1 1 1 2
6 1 2 2 1 1 2 2 2 1
7 2 2 1 2 2 2 2 2 2
8 2 2 2 2 2 1 2 2 2
9 2 2 2 1 2 1 1 1 1
10 2 1 1 2 2 2 2 2 2
11 2 1 1 1 2 1 1 1 1
12 2 2 1 2 2 2 1 1 1
13 1 1 1 2 2 2 2 1 2
14 2 2 2 2 2 1 2 1 1
15 2 1 2 1 1 2 2 2 2
16 2 2 1 2 2 2 2 2 2
17 2 2 2 2 2 1 2 2 2
18 2 2 2 2 1 2 1 2 2
19 1 2 2 1 2 2 2 2 2
20 2 2 2 2 2 2 2 2 1
21 1 2 1 2 2 1 1 2 1
22 2 2 2 2 2 2 2 2 1
23 2 1 1 2 2 2 2 2 2
24 2 2 2 2 2 2 2 1 2
25 1 1 1 1 1 1 1 1 1
26 2 2 2 2 2 2 2 2 1
27 2 2 2 2 2 2 1 2 2
28 1 1 2 1 2 1 1 1 1
29 2 2 2 2 2 2 2 1 2
30 1 2 2 2 1 2 1 2 1
31 2 2 2 2 1 2 1 1 1
32 2 2 1 2 1 2 2 2 1
33 2 2 2 2 2 2 2 2 1
34 2 1 2 1 2 2 2 1 2
35 2 1 1 1 2 1 2 2 1
36 1 2 2 1 1 2 2 1 2
37 2 2 2 2 2 1 2 2 2
38 2 2 2 2 2 2 2 2 2
39 2 2 2 2 2 2 1 1 2
40 2 1 1 2 2 2 2 1 2
41 2 2 2 2 2 2 2 2 1
42 2 2 2 2 1 1 2 2 2
43 1 1 1 1 2 1 1 1 1
44 2 2 2 2 1 2 1 2 2
45 2 1 2 2 2 2 2 2 2
46 2 2 2 2 2 2 2 2 2
47 1 1 2 2 1 2 1 2 2
48 2 1 2 1 2 1 1 1 1
49 1 2 2 2 2 1 2 2 1
50 2 1 2 2 2 2 2 2 2
51 2 2 1 1 2 2 1 1 1
52 1 1 1 2 1 1 2 1 1
53 1 2 2 1 2 1 1 1 1
54 1 1 2 1 1 1 2 2 2
55 1 1 2 2 2 2 2 2 2
56 2 2 2 1 1 1 1 2 1
57 2 1 2 1 2 1 2 2 2
58 1 2 2 1 1 2 1 2 2
59 2 1 2 2 2 2 2 2 2
60 1 1 1 1 2 2 1 2 2
61 1 1 1 2 2 1 1 2 2
62 2 2 2 1 2 2 2 2 2
63 2 2 2 2 2 2 2 2 2
64 1 2 2 2 2 2 2 2 2
65 2 2 2 2 2 2 2 2 2
66 2 1 2 2 1 2 2 1 2
67 2 2 1 2 1 1 2 1 2
68 1 1 2 2 2 2 1 2 1
69 2 2 1 2 2 2 2 1 2
70 2 2 2 2 2 2 2 2 2
71 2 2 2 2 2 2 2 1 2
72 2 2 2 1 2 2 1 2 2
73 2 2 1 2 1 1 1 1 1
74 1 1 1 1 1 1 1 1 1
75 2 2 2 2 1 2 2 2 1
76 2 2 2 2 2 2 2 2 1
77 1 2 2 2 1 2 2 2 2
78 2 2 2 2 2 2 1 2 1
79 1 2 2 1 1 2 1 1 2
80 2 2 2 2 2 2 2 2 2
81 2 1 1 1 2 2 2 2 1
82 2 2 2 2 2 2 2 2 2
83 1 2 2 2 2 2 1 2 1
84 2 2 2 1 2 2 2 2 2
85 2 2 2 1 2 2 2 2 2
86 1 1 2 2 1 1 1 1 2
87 2 2 2 2 2 2 2 1 2
88 2 1 1 1 1 1 1 1 1
89 1 2 2 2 2 2 2 2 2
90 1 2 2 2 1 2 2 2 2
91 1 2 2 2 2 2 1 2 2
92 2 2 2 2 2 2 2 2 2
93 1 2 2 1 2 2 2 1 1
94 1 1 2 1 1 2 1 1 1
95 1 1 1 1 1 1 1 1 1
96 1 2 1 1 1 2 2 1 1
97 2 1 1 1 1 1 1 2 1
98 2 1 2 1 1 2 1 2 1
99 1 2 1 2 2 1 1 2 1
100 2 1 2 2 2 2 1 2 1
101 1 2 1 1 1 1 2 1 2
102 1 1 1 1 2 1 1 2 1
103 2 2 2 2 1 2 2 2 2
104 2 2 2 2 2 2 1 2 2
105 2 2 2 2 2 2 1 2 1
106 1 2 2 1 2 2 2 2 2
107 1 2 2 1 2 2 2 2 2
108 1 1 1 2 1 2 1 1 1
109 2 1 2 2 2 1 1 1 1
110 1 1 2 1 2 1 1 2 1
111 1 2 1 2 2 2 2 2 1
112 2 2 1 2 2 2 2 2 1
113 2 1 2 2 2 2 1 2 2
114 1 1 1 2 1 1 1 1 1
