101 2 1 2 2 2 2 2
101 1 1 2 2 1 1 1
101 2 1 2 1 1 1 1
101 1 2 2 1 1 1 2
101 1 2 2 1 1 2 2
101 1 1 1 2 1 2 2
101 1 1 1 1 2 2 1
101 1 2 1 2 1 1 2
101 2 1 2 2 2 1 2
101 1 1 1 1 1 1 1
101 1 1 1 2 1 1 2
101 2 1 1 1 1 1 1
101 1 1 1 1 1 1 1
101 1 1 2 2 1 1 1
101 2 2 2 2 1 1 2
101 2 2 2 2 2 1 2
101 1 1 1 1 2 1 2
101 1 2 2 2 1 2 2
101 2 2 2 2 1 2 2
101 2 1 2 2 2 2 2
101 1 2 2 2 1 2 2
101 1 2 2 1 1 1 1
101 2 2 1 1 2 2 2
101 2 2 2 2 1 1 1
101 2 2 2 1 1 1 1
101 2 2 2 2 2 2 2
101 2 2 2 2 1 2 2
101 2 2 2 2 1 1 2
101 2 2 2 2 1 2 1
101 2 2 1 2 2 2 2
101 2 2 2 2 1 2 2
101 2 2 2 2 2 2 2
101 2 2 1 1 1 1 2
101 1 1 2 1 1 1 2
101 1 1 2 2 1 1 1
101 2 2 2 2 2 2 2
101 1 2 2 2 1 1 2
101 1 2 2 1 2 1 1
101 2 2 2 2 2 2 2
101 1 1 1 1 1 2 2
101 1 2 2 2 1 2 2
101 2 1 1 1 1 1 1
101 2 2 2 2 2 1 2
101 2 2 2 2 2 2 1
101 2 2 2 2 2 2 2
101 1 2 2 1 1 1 2
101 2 2 2 2 1 2 2
101 2 2 2 2 1 1 2
101 1 2 2 2 2 2 1
101 1 2 2 2 1 1 2
101 2 2 1 2 2 2 2
101 2 2 2 2 1 1 2
101 2 2 2 2 1 2 2
101 1 1 1 2 2 1 2
101 2 2 2 2 2 2 2
101 2 2 1 2 1 2 2
101 1 2 2 2 1 1 2
101 2 2 2 2 2 2 2
101 1 2 2 2 2 2 2
101 2 1 2 1 2 2 2
101 2 2 2 2 2 1 2
101 1 2 1 2 1 2 2
101 1 2 1 2 2 1 1
101 2 2 2 2 2 2 2
101 2 1 1 1 1 1 2
101 2 2 2 2 2 1 1
101 1 2 1 2 1 1 2
101 1 2 1 2 1 1 1
101 1 2 1 2 2 2 2
101 1 2 2 2 1 2 2
101 2 2 2 2 1 1 1
101 2 2 2 2 2 1 2
101 2 2 2 2 1 2 2
101 2 2 2 2 2 2 2
101 2 2 2 2 2 2 2
101 2 2 2 2 2 2 2
101 2 2 2 2 2 2 2
101 2 2 2 2 2 2 2
101 2 2 2 2 2 1 2
101 2 2 2 2 2 2 2
101 1 1 2 1 2 1 1
101 1 2 2 1 1 1 1
101 2 2 2 2 1 2 2
101 1 2 2 2 2 1 2
101 1 2 1 1 1 2 2
101 2 2 2 2 2 2 2
101 2 2 2 1 1 1 1
101 2 2 2 2 1 1 2
101 1 2 2 2 2 1 1
101 2 1 1 2 1 1 2
101 2 2 1 2 2 2 2
101 1 2 2 2 2 1 2
101 2 2 2 1 1 1 2
101 1 1 1 1 1 1 1
101 1 1 1 1 1 1 1
101 2 2 1 2 1 2 2
101 1 2 2 2 1 2 2
101 1 1 2 2 2 2 2
101 1 2 2 2 2 2 2
101 2 1 1 2 2 1 2
101 2 1 2 2 2 1 1
101 1 2 2 2 1 1 2
101 2 2 2 2 1 1 1
101 1 2 1 1 2 1 2
101 2 2 1 2 1 1 2
101 1 1 2 1 1 2 1
101 1 1 1 1 1 2 1
101 1 1 1 2 2 2 1
101 2 2 2 2 2 2 2
101 2 1 1 1 1 2 2
101 2 2 2 2 2 2 2
101 2 2 2 1 1 2 2
101 2 2 2 2 2 2 2
101 1 2 2 2 2 2 2
101 1 2 1 2 2 2 2
101 2 2 2 2 1 2 2
101 1 2 1 1 1 1 2
101 2 2 2 2 2 2 2
101 1 1 1 1 1 1 1
101 1 1 2 2 2 2 2
101 1 2 2 1 2 2 1
101 1 1 2 1 2 2 2
101 1 2 1 2 2 2 1
101 1 2 1 2 2 2 2
101 2 2 2 1 1 2 1
101 1 2 2 2 2 1 2
101 2 2 2 1 1 1 2
101 2 2 2 2 2 2 2
101 1 2 2 2 1 2 2
101 2 2 2 2 2 2 2
101 2 2 2 2 2 2 2
101 2 2 2 2 2 2 2
101 2 2 2 1 1 1 2
101 2 2 2 2 2 2 2
101 1 2 2 2 2 1 2
101 2 2 2 2 2 2 2
101 2 2 2 2 2 2 2
101 1 2 1 2 2 2 2
101 2 2 2 2 1 2 2
101 2 2 2 2 1 1 2
101 1 1 2 2 2 1 2
101 2 2 2 2 2 2 2
101 2 2 2 2 1 2 1
101 2 2 1 2 1 2 2
101 2 2 2 2 1 2 2
101 2 2 2 2 2 1 2
101 1 1 2 1 1 1 2
101 1 2 1 2 1 2 2
101 1 2 2 1 1 1 2
101 2 2 1 1 1 2 1
101 2 2 2 2 1 2 2
101 2 2 1 2 2 1 1
101 2 1 2 1 1 2 2
101 2 1 2 1 1 2 1
101 1 2 2 1 2 1 2
101 1 2 2 2 2 2 2
101 2 2 2 2 2 2 2
101 2 2 2 2 2 2 2
101 2 2 2 2 2 2 2
101 2 2 2 2 1 1 2
101 2 2 1 2 2 2 2
101 2 2 2 2 2 2 2
101 2 2 2 2 1 2 2
101 1 1 1 1 1 1 2
101 1 1 1 1 1 1 1
101 1 2 2 1 1 2 1
101 1 1 2 1 1 1 2
101 2 1 2 1 1 1 1
101 1 2 1 2 1 1 1
101 2 2 1 2 2 1 2
101 2 2 2 1 1 1 2
101 2 2 2 2 2 2 2
101 2 1 2 2 2 1 2
101 1 1 1 1 2 1 2
101 2 2 2 2 1 1 2
101 2 2 2 2 2 2 2
101 2 2 1 1 2 2 2
101 1 2 1 1 1 1 1
101 2 2 2 2 1 2 2
101 2 2 1 2 2 2 2
101 2 2 1 2 2 2 2
101 2 2 2 2 2 2 2
101 2 2 2 2 2 2 2
101 2 2 2 2 2 2 2
101 2 2 2 2 2 2 2
101 2 2 1 2 1 1 2
101 2 2 1 2 2 2 2
101 1 2 2 2 2 2 2
101 2 2 2 2 2 2 2
101 2 2 2 2 1 2 2
101 2 2 2 2 1 1 2
101 1 1 1 2 2 1 1
101 2 2 1 2 2 1 2
101 1 2 2 2 1 1 2
101 2 2 2 2 1 2 1
101 1 2 2 2 2 1 1
101 1 2 2 2 2 2 2
101 2 2 2 2 2 1 2
101 1 2 1 2 1 2 2
101 1 2 2 2 2 2 2
101 1 2 2 2 1 1 2
101 2 2 2 2 2 2 2
101 2 2 2 2 1 2 2
101 2 2 2 2 2 2 2
101 2 2 2 2 2 2 2
101 1 1 1 2 1 1 2
101 1 1 2 2 1 1 2
101 1 2 1 2 1 2 2
101 2 2 2 2 1 2 2
101 2 1 1 1 1 2 2
101 1 2 2 1 2 2 2
101 2 2 1 2 1 1 2
101 1 2 2 2 2 2 2
101 2 2 2 2 1 1 2
101 1 2 2 2 2 2 2
101 2 2 2 1 1 2 2
101 2 2 2 2 1 2 2
101 1 2 2 2 1 2 2
101 1 2 2 2 2 1 2
101 1 2 2 1 1 2 2
101 1 2 2 2 2 2 2
101 2 2 2 2 1 2 2
101 2 2 1 2 2 1 2
101 2 2 1 2 2 2 2
101 2 2 2 2 2 2 2
101 2 2 1 2 2 1 1
101 1 1 1 1 2 1 2
101 1 2 2 2 2 1 2
101 1 2 1 2 2 2 2
101 2 2 2 1 1 2 1
101 2 1 1 2 2 1 2
101 1 1 1 2 1 1 1
101 1 1 2 1 2 1 1
101 2 1 1 2 2 2 2
101 2 1 2 2 2 2 2
101 2 2 2 2 1 1 1
101 2 2 2 2 2 2 1
101 2 2 1 2 1 1 2
101 2 2 2 2 1 1 2
101 2 2 2 2 2 2 1
101 2 2 1 2 2 2 2
101 1 2 1 2 1 2 1
101 1 2 2 2 2 2 2
101 1 1 1 2 1 1 2
101 2 1 1 2 1 1 1
101 2 1 2 2 2 2 1
101 2 2 2 2 2 2 2
101 2 1 1 2 2 1 2
101 2 1 1 2 2 1 2
101 2 2 1 2 1 1 1
101 2 2 2 2 2 2 2
101 2 1 1 1 1 1 1
101 2 2 2 2 1 1 1
101 2 2 2 2 2 2 2
101 2 2 2 2 2 1 2
101 2 2 2 2 2 2 2
101 2 2 2 2 2 2 1
101 2 2 1 2 2 2 2
101 2 2 1 2 1 2 2
101 2 2 2 1 1 2 2
101 1 2 1 2 1 1 1
101 2 2 2 2 2 1 1
101 1 1 1 2 1 2 1
101 1 1 2 2 1 2 2
101 2 1 1 2 1 1 1
101 1 2 2 2 1 2 2
101 2 1 2 1 2 2 1
101 1 2 2 2 2 2 1
101 2 2 2 2 1 1 1
101 2 2 1 2 2 1 2
101 2 2 2 2 2 2 2
101 1 2 2 2 1 2 2
101 1 2 2 2 1 1 2
101 1 1 1 1 1 2 2
101 2 2 2 2 2 2 2
101 2 2 1 1 2 2 1
101 1 2 1 2 1 1 1
101 2 2 2 2 1 1 1
101 2 2 1 2 2 1 1
101 2 2 1 2 1 1 1
101 2 2 2 2 2 2 1
101 1 2 2 2 2 2 2
101 1 2 2 2 1 2 2
101 2 2 2 2 2 2 2
101 2 2 1 2 2 2 2
101 2 2 2 2 1 1 2
101 2 2 2 2 2 2 2
101 1 2 2 2 2 1 2
101 2 2 2 2 2 2 2
101 2 2 1 1 1 1 1
101 2 2 2 2 2 2 2
101 2 2 2 2 2 2 2
101 1 2 2 2 2 2 2
101 2 2 1 1 1 1 2
101 1 2 2 2 2 2 2
101 2 1 2 1 1 2 1
101 2 2 2 2 1 2 2
101 2 2 2 2 2 2 2
101 1 2 2 2 2 2 1
101 2 2 2 1 2 2 1
101 2 2 1 2 1 2 2
101 1 1 2 2 1 2 2
101 2 2 2 2 2 1 2
101 1 2 2 1 1 1 2
101 1 2 2 2 2 1 2
101 1 2 2 2 1 1 2
101 1 1 1 2 2 1 2
101 1 2 2 2 2 2 2
101 1 1 1 1 1 2 1
101 1 2 2 2 2 2 2
101 1 2 2 2 2 2 2
101 1 2 2 2 2 2 2
101 1 2 1 1 2 2 2
101 1 1 2 2 1 1 2
101 1 1 1 1 1 2 2
101 2 2 2 2 2 2 2
101 2 1 1 1 1 1 1
101 2 2 1 2 2 1 2
101 2 2 2 2 2 1 2
101 1 2 2 2 2 2 1
101 2 2 1 2 1 2 1
101 1 2 2 2 2 2 2
101 2 2 2 2 2 2 2
101 2 2 2 2 1 1 2
101 1 2 1 2 2 1 2
101 2 2 2 2 2 2 2
101 1 1 1 1 1 1 1
101 1 2 2 1 1 1 1
101 1 1 1 1 1 1 1
101 1 1 1 1 1 1 1
101 2 2 2 1 1 1 1
101 2 1 1 1 1 1 2
101 2 2 2 2 1 1 2
101 1 2 2 1 1 1 1
101 1 2 1 1 1 1 1
101 1 2 1 1 1 1 1
101 1 2 2 1 1 1 1
101 2 1 1 1 1 2 1
101 2 2 2 2 2 2 2
101 2 2 2 2 2 2 2
101 2 2 2 2 2 2 2
101 1 2 2 2 2 1 1
101 2 2 2 2 2 2 2
101 2 2 2 2 2 2 2
101 2 2 2 2 2 2 2
101 2 2 2 2 2 2 2
101 2 2 2 2 2 2 2
101 2 2 1 2 1 2 2
101 2 2 2 1 1 1 2
101 1 2 1 2 2 1 1
101 2 2 2 2 1 2 2
101 1 2 2 1 1 1 1
101 1 2 1 1 1 2 1
101 2 2 2 2 2 2 1
101 2 2 2 2 1 2 2
101 1 1 2 2 1 2 2
101 1 2 1 2 2 1 1
101 1 2 2 2 2 2 1
101 1 2 2 2 1 2 2
101 1 1 1 2 1 2 2
101 2 2 1 2 1 2 2
101 2 2 1 2 2 2 2
101 2 2 2 2 2 2 2
