1 2 2 1 2
2 1 2 1 2
3 2 2 1 1
4 1 1 1 1
5 1 1 1 1
6 1 1 1 1
7 1 1 1 1
8 2 2 2 1
9 2 1 1 1
10 2 2 1 2
11 2 1 1 1
12 1 2 1 1
13 2 2 2 2
14 2 1 1 1
15 2 2 1 2
16 2 2 1 2
17 1 2 1 1
18 1 1 1 1
19 1 1 2 2
20 1 1 1 1
21 1 1 1 1
22 2 2 2 2
23 2 1 2 2
24 1 1 1 1
25 1 2 1 1
26 1 1 1 2
27 1 1 2 2
28 2 1 2 1
29 1 1 2 2
30 1 1 1 1
31 2 2 1 1
32 2 2 2 2
33 1 1 2 2
34 2 2 2 1
35 1 2 1 1
36 2 1 2 2
37 1 1 2 2
38 2 2 2 2
39 2 2 1 1
40 1 1 1 1
41 1 1 1 2
42 1 2 2 2
43 1 1 1 1
44 1 1 2 1
45 2 2 2 2
46 2 2 1 2
47 1 1 1 1
48 2 2 2 1
49 1 2 2 2
50 1 1 1 2
51 2 2 2 2
52 2 1 2 2
53 1 1 1 1
54 1 2 1 1
55 1 1 2 2
56 2 2 1 2
57 2 1 1 2
58 1 1 1 1
59 2 2 2 2
60 2 2 2 2
61 1 2 1 1
62 1 2 2 1
63 1 1 2 1
64 2 1 1 1
65 1 1 1 1
66 1 1 1 2
67 1 1 1 1
68 2 2 2 1
69 1 1 1 1
70 1 2 2 2
71 1 2 2 1
72 2 2 1 2
73 2 2 1 1
74 2 1 1 1
75 1 1 1 1
76 2 2 2 2
77 2 2 1 2
78 1 2 1 1
79 1 1 1 1
80 1 2 1 2
81 1 1 2 2
82 2 2 2 2
83 2 1 1 1
84 1 1 1 1
85 2 1 1 2
86 2 1 1 1
87 1 1 2 1
88 1 1 1 1
89 1 1 1 1
90 1 1 1 1
91 2 2 1 1
92 1 1 1 1
93 1 2 2 2
94 1 1 2 2
95 1 1 1 2
96 2 1 2 2
97 1 1 2 1
98 2 2 2 2
99 2 1 1 1
100 2 2 2 2
101 2 1 1 2
102 1 1 2 2
103 1 1 2 1
104 2 2 2 2
105 1 1 2 1
106 1 2 2 1
107 2 2 2 2
108 2 1 1 2
109 2 2 1 2
110 2 2 2 2
111 2 2 2 1
112 2 2 1 2
113 2 1 1 1
114 2 2 1 2
115 2 1 2 2
116 2 2 1 1
117 2 1 1 2
118 2 2 2 2
119 1 2 1 1
120 2 2 2 2
121 2 1 2 2
122 1 1 1 1
123 1 2 2 2
124 2 2 2 1
125 2 1 1 1
126 1 2 1 2
127 2 2 2 2
128 1 1 1 1
129 2 1 1 2
130 2 1 1 1
131 2 1 1 2
132 1 2 2 2
133 2 1 1 1
134 2 2 2 2
135 1 2 1 2
136 1 1 2 2
137 1 1 1 1
138 1 1 1 1
139 2 2 2 2
140 1 1 1 1
141 2 2 1 2
142 2 2 2 2
143 1 1 1 1
144 2 2 2 2
145 1 1 2 1
146 2 2 2 2
147 2 2 2 2
148 2 1 1 1
149 1 2 2 1
150 2 1 2 2
151 1 1 1 1
152 2 2 2 2
153 1 2 1 2
154 2 1 1 1
155 2 2 2 2
156 1 2 2 1
157 2 2 1 2
158 2 2 1 1
159 2 2 1 2
160 1 2 1 1
161 2 1 1 1
162 1 1 1 1
163 1 2 2 1
164 2 1 1 1
165 2 2 1 1
166 2 1 1 1
167 2 2 1 2
168 2 1 1 2
169 1 1 2 2
170 1 1 1 1
171 2 1 1 1
172 1 1 1 1
173 1 2 2 1
174 2 2 1 2
175 2 2 1 2
176 2 1 2 2
177 2 2 1 2
178 1 1 1 1
179 1 2 1 1
180 1 1 1 2
181 2 1 2 1
182 2 1 1 1
183 1 1 1 1
184 1 1 2 1
185 2 1 2 2
186 2 2 2 2
187 1 2 2 1
188 1 1 2 2
189 1 2 2 1
190 2 2 2 2
191 1 1 1 1
192 1 2 1 2
193 1 1 1 1
194 1 1 1 1
195 1 2 1 1
196 2 2 2 2
197 2 1 2 2
198 2 2 1 1
199 1 1 2 1
200 1 1 1 2
201 1 1 1 2
202 2 1 2 1
203 1 1 1 1
204 2 2 1 1
205 2 2 2 2
206 2 2 2 1
207 1 1 1 2
208 1 1 1 2
209 1 2 1 1
210 1 1 1 1
211 2 2 2 1
212 2 2 2 2
213 1 1 2 1
214 1 1 2 2
215 1 1 1 2
216 2 1 2 2
217 2 1 1 2
218 1 1 1 2
219 1 2 2 2
220 1 1 1 1
221 2 2 1 1
222 2 2 2 2
223 2 1 2 2
224 2 2 2 2
225 1 2 1 1
226 2 2 2 2
227 1 2 1 1
228 1 1 1 1
229 1 1 1 1
230 1 1 1 1
231 1 2 2 1
232 1 2 2 2
233 2 2 1 1
234 2 2 2 2
235 1 2 2 1
236 2 2 2 2
237 1 2 2 2
238 1 2 2 2
239 1 1 1 1
240 2 2 1 1
241 2 2 2 2
242 2 1 1 1
243 2 1 1 2
244 2 1 1 2
245 1 1 1 1
246 2 1 1 1
247 1 1 1 1
248 1 2 2 2
249 2 2 2 1
250 2 1 2 2
251 1 2 1 1
252 2 1 1 2
253 2 2 2 2
254 1 1 1 1
255 1 1 2 1
256 2 2 2 1
257 1 1 1 1
258 1 1 2 1
259 2 2 2 2
260 2 1 1 1
261 2 1 1 1
262 2 1 1 1
263 2 1 1 2
264 1 1 1 1
265 1 1 1 1
266 1 1 2 2
267 1 1 1 2
268 2 2 1 2
269 1 1 1 1
270 1 1 2 2
271 1 1 1 1
272 1 2 2 2
273 2 1 2 1
274 2 1 1 2
275 1 1 2 2
276 2 2 1 2
277 1 1 2 2
278 1 1 1 1
279 2 1 1 1
280 2 2 2 2
281 2 2 2 2
282 2 1 1 2
283 1 1 1 1
284 1 1 1 1
285 2 1 1 1
286 1 2 2 1
287 2 2 2 1
288 2 2 1 2
289 1 1 2 1
290 2 1 1 2
291 1 2 2 1
292 2 2 1 2
293 2 2 2 2
294 2 1 2 2
295 2 1 1 1
296 1 1 1 1
297 1 1 1 1
298 1 1 1 1
299 2 1 1 1
300 2 2 1 1
301 1 2 2 1
302 2 2 1 1
303 2 1 2 1
304 2 2 2 1
305 2 1 2 1
306 2 2 2 1
307 2 2 2 2
308 1 2 2 2
309 1 2 1 2
310 1 2 1 1
311 2 2 2 2
312 1 1 2 1
313 2 2 2 2
314 2 2 2 1
315 1 1 2 1
316 2 2 2 2
317 2 2 1 2
318 2 1 1 2
319 1 1 1 2
320 1 1 1 2
321 2 2 2 2
322 2 2 1 1
323 1 2 1 1
324 2 1 1 1
325 2 2 2 2
326 1 1 2 1
327 1 1 1 2
328 2 2 2 1
329 2 2 2 2
330 2 2 1 2
