1 2 2 2 2
2 2 2 1 2
3 2 2 2 2
4 1 1 1 2
5 1 2 1 2
6 1 1 1 1
7 2 2 2 2
8 1 1 1 2
9 2 1 2 2
10 2 2 1 2
11 1 2 2 1
12 1 2 2 2
13 1 1 2 1
14 1 2 1 2
15 1 1 2 2
16 1 1 2 2
17 2 1 2 2
18 2 2 2 2
19 1 1 1 2
20 1 2 1 2
21 2 1 2 2
22 1 2 1 1
23 1 2 2 2
24 2 2 1 1
25 2 1 2 1
26 2 2 1 2
27 1 1 2 1
28 2 2 2 2
29 1 2 2 2
30 1 2 1 1
31 2 2 2 1
32 2 2 1 2
33 2 2 2 1
34 2 2 2 2
35 1 2 2 2
36 2 1 1 2
37 2 1 2 2
38 1 2 2 1
39 2 2 2 2
40 1 1 1 1
41 1 1 1 2
42 2 1 2 2
43 1 1 1 1
44 2 2 2 2
45 2 1 2 1
46 2 2 2 1
47 2 2 1 2
48 2 2 2 2
49 2 1 2 1
50 2 2 2 2
51 1 1 1 1
52 2 2 2 2
53 1 1 1 1
54 2 1 1 2
55 2 2 2 2
56 2 2 2 2
57 2 2 2 2
58 1 1 1 2
59 1 2 2 1
60 2 1 2 2
61 2 2 2 1
62 2 2 2 2
63 2 2 2 2
64 1 2 2 1
65 2 2 2 1
66 1 2 2 2
67 2 2 1 2
68 2 2 2 2
69 1 2 2 2
70 2 2 2 1
71 1 1 2 2
72 1 2 2 2
73 2 2 2 2
74 1 1 1 2
75 1 2 2 2
76 2 2 2 2
77 2 2 2 1
78 2 2 2 2
79 2 1 2 2
80 1 1 2 2
81 1 2 2 2
82 2 2 2 2
83 2 2 2 2
84 2 2 1 2
85 1 2 1 2
86 2 1 2 2
87 1 1 1 1
88 2 2 2 2
89 2 2 1 2
90 2 1 2 2
91 1 1 2 2
92 2 1 2 2
93 2 2 2 1
94 2 1 2 2
95 2 1 2 1
96 2 2 2 2
97 2 2 2 2
98 1 1 1 1
99 1 2 2 2
100 2 2 2 2
101 2 2 2 2
102 2 1 2 1
103 2 1 2 2
104 2 2 1 2
105 2 2 1 1
106 1 2 2 2
107 1 2 1 1
108 2 2 2 2
109 2 2 2 2
110 2 2 2 2
111 2 2 2 2
112 2 1 2 2
113 1 1 2 1
114 2 1 1 2
115 2 2 2 2
116 2 2 1 2
117 2 1 2 2
118 1 1 1 1
119 2 1 1 1
120 2 2 2 2
121 2 2 1 1
122 2 1 1 2
123 2 2 2 2
124 2 1 2 1
125 2 1 2 2
126 2 2 2 2
127 2 1 2 2
128 1 2 1 2
129 1 1 1 1
130 2 2 2 1
131 1 2 2 2
132 2 1 2 2
133 2 1 1 1
134 2 2 2 2
135 1 2 1 2
136 2 2 2 2
137 2 2 1 1
138 2 2 2 2
139 1 1 1 2
140 2 2 2 2
141 2 2 2 1
142 2 2 2 2
143 1 2 1 1
144 2 1 1 1
145 2 2 1 2
146 2 1 1 2
147 1 2 2 2
148 1 1 1 1
149 2 2 2 2
150 2 2 2 2
151 1 1 1 1
152 1 1 1 1
153 1 1 2 1
154 2 2 1 2
155 2 2 2 2
156 2 2 2 2
157 2 2 1 2
158 2 2 2 2
159 1 2 2 2
160 2 2 1 2
161 2 1 1 1
162 2 2 2 2
163 2 2 2 2
164 1 2 1 1
165 1 1 1 1
166 1 1 1 1
167 2 2 2 2
168 2 1 2 2
169 2 2 2 2
170 2 2 2 2
171 2 1 2 1
172 2 1 2 1
173 2 2 2 2
174 1 1 2 2
175 2 2 2 1
176 2 1 2 2
177 1 1 1 2
178 2 2 2 2
179 2 2 1 2
180 2 2 2 2
181 2 2 2 2
182 2 2 2 2
183 2 2 2 2
184 1 1 1 1
185 2 1 2 2
186 2 2 2 2
187 2 2 2 2
188 1 1 1 1
189 2 2 2 2
190 1 1 2 1
191 1 1 1 1
192 2 2 2 2
193 2 1 2 1
194 2 1 1 2
195 1 1 1 2
196 2 2 2 2
197 1 2 2 1
198 2 1 1 2
199 2 2 2 2
200 2 1 1 2
201 2 1 1 2
202 1 1 2 1
203 2 1 2 2
204 2 2 1 2
205 2 2 2 2
206 1 2 1 2
207 2 1 2 2
208 2 2 2 2
209 1 2 2 2
210 1 2 1 1
211 1 1 1 2
212 1 2 2 1
213 2 2 1 2
214 2 1 2 2
215 2 2 1 2
216 1 1 2 2
217 2 2 2 2
218 1 2 1 2
219 2 2 2 2
220 2 1 1 1
221 1 2 2 2
222 2 2 2 2
223 2 1 2 2
224 2 2 1 2
225 2 1 2 2
226 1 1 2 2
227 2 2 2 2
228 1 1 2 1
229 2 2 2 2
230 2 2 1 2
231 1 2 1 2
232 2 2 2 2
233 2 2 1 1
234 2 2 2 1
235 2 2 1 2
236 2 1 2 2
237 2 2 2 2
238 2 2 1 2
239 1 1 1 2
240 2 2 2 2
241 2 1 2 1
242 2 2 1 2
243 1 1 2 1
244 1 1 1 2
245 1 2 2 2
246 2 2 2 2
247 2 1 2 2
248 1 2 2 1
249 1 1 1 1
250 1 1 2 2
251 1 1 1 2
252 1 2 1 2
253 2 2 1 1
254 2 2 2 2
255 2 2 2 1
256 1 1 2 2
257 1 1 2 2
258 2 2 2 1
259 1 1 1 2
260 1 2 2 2
261 2 2 2 2
262 2 2 2 2
263 1 2 2 1
264 1 1 1 1
265 2 2 2 2
266 1 2 1 2
267 2 2 1 2
268 1 2 2 2
269 1 2 2 1
270 1 1 1 1
271 2 2 1 1
272 2 2 2 2
273 1 2 2 2
274 1 1 1 2
275 2 2 1 2
276 2 1 2 2
277 2 2 2 2
278 1 2 1 1
279 2 1 2 2
280 2 2 1 2
281 2 2 1 2
282 1 1 1 1
283 2 2 2 2
284 2 2 2 2
285 2 1 2 2
286 2 2 1 2
287 2 1 2 2
288 1 2 2 2
289 1 2 2 2
290 2 1 1 2
291 1 2 2 2
292 2 1 1 2
293 2 2 2 2
294 1 1 1 1
295 2 2 2 2
296 1 1 1 2
297 1 1 1 1
298 2 1 2 2
299 1 2 2 2
300 2 2 1 2
301 1 1 1 1
302 1 2 2 2
303 2 2 2 2
304 2 2 2 2
305 2 2 2 2
306 2 2 1 1
307 1 1 1 1
308 1 1 1 1
309 1 1 1 1
310 1 2 2 2
311 2 2 1 1
312 2 2 1 2
313 1 1 1 1
314 2 2 2 2
315 2 2 2 1
316 1 1 1 1
317 1 1 1 1
318 1 2 2 2
319 1 1 1 1
320 2 1 2 2
321 2 2 2 2
322 2 2 1 1
323 2 2 2 2
324 2 1 2 2
325 2 1 1 2
326 1 1 1 1
327 1 2 2 1
328 2 2 2 2
329 1 2 1 1
330 2 2 2 2
331 1 2 1 1
332 2 2 2 2
333 2 2 2 2
334 1 2 2 2
335 1 1 1 2
336 1 1 1 1
337 2 2 2 2
338 2 2 1 2
339 2 2 2 2
340 2 1 2 2
341 2 1 2 1
342 2 2 1 2
343 2 2 1 1
344 2 2 1 1
345 2 2 2 2
346 2 1 2 2
347 2 2 2 2
348 1 1 2 1
349 1 2 2 2
350 2 2 2 2
351 2 2 2 2
352 1 1 2 1
353 1 1 2 2
354 2 1 2 2
355 1 2 1 1
356 2 2 2 2
357 1 2 2 2
358 2 2 2 1
359 2 2 1 1
360 2 2 1 2
361 1 2 1 1
362 2 2 2 1
363 2 2 2 1
364 2 1 2 1
365 2 2 2 2
366 2 1 1 1
367 1 1 2 1
368 1 1 2 2
369 1 1 1 1
370 2 2 2 2
371 2 2 1 2
372 2 1 2 2
373 2 2 1 2
374 2 2 2 2
375 2 2 2 2
376 1 1 2 2
377 2 2 2 2
378 1 2 2 2
379 2 2 2 2
380 2 2 2 1
381 1 2 2 2
382 2 2 2 2
383 2 2 2 2
384 2 1 1 2
385 2 2 2 2
386 2 1 2 2
387 2 1 2 2
388 1 2 1 2
389 2 1 1 1
390 2 2 1 1
391 2 1 2 1
392 2 2 2 2
393 1 2 1 1
394 2 2 2 2
395 2 2 2 2
396 2 1 2 2
397 1 1 1 2
398 1 1 1 1
399 1 1 1 2
400 2 2 1 2
401 2 2 2 2
402 2 2 2 2
403 1 2 1 1
404 2 2 1 2
405 1 2 1 1
406 2 2 1 2
407 2 1 1 1
408 2 1 2 2
409 2 2 2 2
410 2 2 2 2
411 1 2 2 2
412 1 2 2 2
413 2 2 1 1
414 2 2 2 2
415 1 1 1 2
416 2 1 1 1
417 2 2 1 2
418 2 1 1 2
419 1 1 1 1
420 2 2 2 2
421 1 2 1 2
422 1 1 1 2
423 1 2 2 2
424 2 1 2 2
425 2 2 2 2
426 2 2 2 2
427 2 2 2 2
428 2 2 2 1
429 2 2 1 2
430 1 1 2 2
431 1 1 1 1
432 2 2 2 2
433 2 2 2 1
434 1 1 1 2
435 1 1 2 1
436 1 2 1 2
437 1 1 1 2
438 2 1 2 2
439 2 1 1 1
440 1 1 1 1
441 2 2 1 2
442 2 1 2 2
443 2 2 2 2
444 1 1 1 1
445 2 1 2 1
446 1 2 1 2
447 1 1 1 1
448 2 2 2 2
449 1 2 1 2
450 2 2 2 2
451 1 1 1 1
452 2 2 2 2
453 2 2 2 1
454 1 1 1 1
455 2 2 2 1
456 1 1 2 2
457 1 1 2 1
458 2 2 2 2
459 1 1 1 1
460 2 2 2 1
461 2 1 2 1
462 1 1 2 1
463 1 2 1 2
464 2 2 2 2
465 2 2 1 2
466 2 2 2 2
467 2 2 2 2
468 2 1 1 1
469 2 2 1 2
470 2 2 2 2
471 1 1 1 1
472 1 1 1 1
473 2 1 1 2
474 1 2 1 1
475 1 1 2 2
476 2 1 1 2
477 1 2 2 1
478 2 2 2 2
479 1 2 2 1
480 2 1 2 2
481 2 2 2 1
482 2 2 2 2
483 1 2 2 2
484 2 2 2 2
485 2 2 1 2
486 2 2 2 2
487 1 2 2 2
488 2 1 1 1
489 2 1 2 2
490 2 1 2 1
491 1 1 1 1
492 1 2 2 2
493 1 2 2 2
494 1 2 1 1
495 2 2 1 2
496 2 2 2 2
497 1 2 2 2
498 2 1 2 1
499 2 2 2 2
500 2 1 2 2
501 2 2 2 2
502 2 2 2 2
503 1 1 1 2
504 1 2 2 2
505 2 2 2 2
506 2 1 2 2
507 2 1 1 1
508 2 2 1 1
509 2 1 1 1
510 1 2 2 2
511 1 1 2 2
512 2 1 1 2
513 2 1 2 1
514 2 1 2 2
515 2 1 1 2
516 2 1 1 1
517 2 2 2 2
518 1 1 2 2
519 2 2 2 2
520 2 2 1 2
521 1 1 2 1
522 2 2 1 2
523 2 2 2 2
524 2 2 2 2
525 1 2 2 2
526 1 2 1 1
527 2 1 2 2
528 2 2 2 2
529 2 2 1 1
530 2 1 2 2
531 2 2 2 2
