1 1 2 1 1
2 2 2 2 1
3 2 1 1 2
4 1 2 2 1
5 1 1 1 1
6 1 1 2 1
7 2 2 1 1
8 2 1 1 1
9 2 1 1 1
10 2 2 1 1
11 2 1 2 1
12 1 2 1 1
13 2 2 1 2
14 1 1 1 1
15 1 1 2 1
16 1 1 2 2
17 2 2 1 1
18 2 2 2 2
19 1 1 1 1
20 1 2 1 1
21 2 1 1 1
22 2 2 2 2
23 2 1 2 1
24 1 1 2 2
25 1 1 1 1
26 1 1 1 1
27 2 2 1 2
28 2 2 1 1
29 2 2 1 2
30 1 1 1 1
31 2 1 1 1
32 2 1 2 1
33 2 1 1 1
34 2 2 2 1
35 2 1 1 1
36 1 1 1 1
37 2 2 2 2
38 1 1 2 1
39 1 1 1 1
40 1 1 1 1
41 1 1 1 1
42 2 2 2 1
43 1 2 2 2
44 2 2 1 1
45 1 2 1 1
46 1 2 1 1
47 1 1 1 2
48 2 1 2 2
49 1 1 1 1
50 2 1 2 2
51 2 2 2 1
52 2 2 1 1
53 1 1 1 1
54 1 2 2 1
55 1 2 2 1
56 1 1 1 1
57 1 2 2 2
58 2 2 2 2
59 1 2 1 2
60 2 2 1 1
61 1 1 1 1
62 1 1 2 1
63 2 2 2 2
64 2 2 2 2
65 2 2 2 2
66 2 1 2 2
67 1 2 1 1
68 1 1 1 1
69 1 1 1 1
70 2 2 1 1
71 2 2 2 2
72 2 2 2 1
73 2 2 2 1
74 1 1 1 1
75 2 2 2 2
76 1 1 1 1
77 2 1 1 2
78 1 2 2 2
79 2 2 2 2
80 1 2 1 2
81 2 2 1 1
82 1 1 1 1
83 1 2 1 1
84 2 2 2 1
85 1 1 1 1
86 1 2 1 1
87 2 1 1 1
88 1 1 2 1
89 2 2 2 1
90 1 1 1 2
91 1 2 2 1
92 1 2 1 2
93 2 1 2 1
94 1 1 1 1
95 2 1 1 1
96 2 2 1 2
97 1 2 1 2
98 2 1 2 1
99 2 2 1 2
100 1 1 1 1
101 1 1 1 1
102 1 1 1 1
103 2 2 2 1
104 2 1 2 2
105 2 2 2 1
106 1 2 2 1
107 2 1 1 2
108 2 1 2 1
109 2 2 2 2
110 1 2 1 1
111 2 2 1 2
112 2 2 2 2
113 2 2 1 1
