1 2 1 2 1
2 2 1 2 2
3 2 2 2 2
4 2 1 2 2
5 2 2 2 2
6 1 2 1 1
7 1 1 2 1
8 2 2 2 2
9 1 1 1 1
10 1 1 1 2
11 1 1 1 1
12 2 2 1 1
13 1 2 2 2
14 2 1 2 2
15 1 1 2 1
16 1 1 2 2
17 2 1 2 2
18 1 2 2 2
19 1 1 2 2
20 2 2 2 2
21 2 2 2 2
22 2 2 2 2
23 1 1 2 1
24 2 2 2 2
25 2 2 2 2
26 2 2 1 2
27 2 1 1 1
28 2 2 2 2
29 1 2 2 1
30 2 2 1 1
31 1 1 2 1
32 1 1 1 1
33 1 1 1 1
34 2 2 1 2
35 2 2 2 2
36 2 1 2 2
37 2 1 1 1
38 2 2 1 2
39 2 2 1 1
40 2 1 1 2
41 2 1 2 2
42 2 2 1 2
43 1 2 2 2
44 1 1 1 1
45 2 2 2 2
46 2 2 1 1
47 2 2 2 2
48 2 2 2 2
49 1 2 2 2
50 2 2 1 1
51 1 1 2 2
52 2 2 2 1
53 1 2 1 1
54 1 1 2 2
55 2 1 1 2
56 2 2 2 2
57 2 1 1 2
58 2 1 1 2
59 1 1 1 1
60 2 2 2 2
61 2 2 2 1
62 1 2 1 2
63 2 2 2 2
64 1 1 1 1
65 2 2 2 2
66 1 2 1 2
67 2 1 1 2
68 2 2 2 2
69 1 2 1 1
70 2 2 2 2
71 1 2 1 1
72 2 2 1 1
73 2 2 2 1
74 2 2 2 2
75 2 2 2 1
76 2 2 2 2
77 1 2 2 2
78 2 2 2 2
79 2 2 2 2
80 2 2 2 2
81 1 1 1 1
82 2 2 2 2
83 2 1 2 2
84 2 2 2 2
85 2 2 2 2
86 1 2 2 2
87 1 2 2 2
88 2 2 2 2
89 2 2 2 2
90 2 1 2 2
91 1 1 2 2
92 2 1 2 2
93 2 2 2 2
94 2 2 2 2
95 2 1 2 2
96 2 2 1 1
97 1 1 1 2
98 2 2 2 2
99 1 1 1 1
100 2 1 1 1
101 1 1 1 2
102 2 2 1 2
103 1 2 2 2
104 2 1 2 2
105 1 2 2 2
106 2 1 1 2
107 2 2 1 2
108 2 2 2 2
109 2 2 2 2
110 1 2 2 1
111 1 1 1 1
112 2 2 2 2
113 2 2 2 2
114 1 2 2 2
115 2 2 2 2
116 2 2 2 1
117 1 2 2 2
118 2 2 1 2
119 2 2 2 1
120 2 2 2 2
121 2 1 1 1
122 2 2 1 2
123 2 2 1 2
124 1 2 2 2
125 2 2 2 2
126 1 1 2 1
127 2 2 2 2
128 1 2 1 2
129 2 2 2 2
130 2 1 1 2
131 2 2 2 2
132 2 2 2 2
133 2 1 2 1
134 2 2 2 1
135 2 2 1 1
136 2 2 2 2
137 2 2 2 2
138 2 2 2 2
139 2 1 2 2
140 2 2 2 2
141 2 2 2 2
142 2 1 2 2
143 1 2 1 1
144 2 2 2 2
145 2 2 2 2
146 1 1 1 2
147 1 1 1 2
148 2 2 2 2
149 1 2 2 1
150 2 1 2 1
151 1 2 2 2
152 2 1 2 2
153 1 2 1 2
154 2 2 2 2
155 2 2 2 2
156 1 2 2 2
157 1 2 2 2
158 2 1 1 1
159 2 2 1 1
160 2 1 2 2
161 2 2 2 1
162 1 1 2 2
163 2 2 2 2
164 2 2 1 1
165 2 1 1 2
166 1 2 2 2
167 1 1 2 1
168 2 1 1 2
169 1 1 2 1
170 2 1 1 2
171 2 2 2 2
172 2 1 2 2
173 2 1 2 2
174 2 2 1 1
175 2 1 2 2
176 2 2 1 2
177 1 2 2 2
178 2 2 2 2
179 1 1 1 1
180 1 1 2 1
181 1 1 2 1
182 2 1 1 1
183 2 2 1 2
184 2 1 2 2
185 2 2 2 1
186 2 1 1 2
187 2 2 2 2
188 2 2 2 2
189 2 2 1 2
190 2 1 2 1
191 2 2 2 2
192 2 2 2 2
193 2 2 2 2
194 2 1 1 1
195 2 2 1 2
196 2 2 2 2
197 1 2 2 2
198 1 2 2 2
199 1 2 1 1
200 2 1 2 2
201 2 2 2 2
202 2 2 2 2
203 1 1 1 2
204 1 1 1 1
205 2 1 1 2
206 2 2 2 2
207 2 2 1 2
208 2 2 2 2
209 2 2 2 2
210 2 1 1 1
211 1 2 2 2
212 1 1 1 2
213 1 1 1 1
214 2 2 2 2
215 2 2 2 2
216 1 2 2 1
217 2 2 1 2
218 2 1 2 2
219 1 1 1 2
220 1 1 2 2
221 2 2 2 2
222 1 2 1 2
223 1 2 2 2
224 1 2 2 2
225 2 2 2 2
226 1 1 1 1
227 1 2 2 2
228 2 2 1 1
229 1 1 1 1
230 2 2 2 2
231 2 1 1 1
232 2 2 2 2
233 2 2 2 2
234 1 1 1 1
235 2 2 1 2
236 2 2 2 2
237 1 1 1 2
238 1 2 2 1
239 2 1 2 2
240 1 2 2 2
241 2 2 1 1
242 2 2 2 2
243 1 2 2 2
244 2 2 2 2
245 1 2 2 2
246 2 1 2 1
247 2 2 2 2
248 2 2 2 2
249 2 2 2 2
250 2 2 2 2
251 2 1 2 1
252 2 2 2 2
253 1 2 2 1
254 2 2 1 2
255 2 2 2 2
256 1 2 2 2
257 2 2 1 1
258 2 2 1 2
259 1 1 1 1
260 2 1 2 2
261 1 1 1 1
262 2 2 2 2
263 1 2 2 2
264 2 2 1 1
265 2 2 1 2
266 2 2 2 2
267 1 2 1 2
268 1 2 2 2
269 2 1 1 1
270 1 2 2 1
271 2 2 2 2
272 2 1 1 1
273 2 2 2 1
274 1 2 1 2
275 2 2 2 2
276 1 1 1 1
277 2 1 2 2
278 2 2 2 2
279 1 1 2 2
280 2 2 2 1
281 2 2 2 2
282 2 2 2 2
283 2 2 2 2
284 2 1 1 2
285 1 1 2 1
286 2 2 2 1
287 2 2 1 2
288 1 1 1 1
289 2 2 2 2
290 1 1 1 2
291 2 2 2 2
292 1 1 1 2
293 1 2 2 2
294 1 2 1 1
295 2 2 2 2
296 1 1 1 1
297 2 2 2 2
298 2 2 1 2
299 1 2 2 2
300 2 1 2 2
301 2 2 1 1
302 1 1 2 1
303 1 2 1 1
304 2 2 2 1
305 1 1 1 1
306 1 1 1 1
307 1 1 2 2
308 2 2 2 2
309 1 1 1 1
310 1 1 1 1
311 1 2 2 2
312 1 2 2 2
313 2 2 2 2
314 2 2 1 2
315 1 1 1 2
316 1 1 2 2
317 2 2 1 2
318 2 2 1 1
319 2 1 2 1
320 2 2 1 2
321 1 2 1 2
322 2 1 1 2
323 1 2 2 1
324 2 2 2 1
325 2 2 2 2
326 2 2 2 2
327 2 1 1 2
328 1 2 2 2
329 1 2 2 2
330 2 2 2 2
331 1 2 1 1
332 2 2 2 2
333 1 1 1 1
334 2 2 2 2
335 2 2 2 2
336 1 1 1 1
337 2 2 1 2
338 2 2 2 2
339 2 2 1 2
340 2 2 1 1
341 2 2 1 1
342 2 2 1 2
343 2 2 2 2
344 1 2 1 1
345 1 1 1 1
346 1 1 1 1
347 2 2 2 2
348 2 1 2 2
349 2 2 2 2
350 2 2 2 2
351 2 2 2 2
352 2 2 2 2
353 2 2 1 2
354 1 2 1 2
355 2 2 2 2
356 1 1 1 2
357 2 2 1 2
358 2 2 1 1
359 1 1 1 2
360 2 1 2 1
361 2 2 2 2
362 2 2 1 2
363 2 2 2 2
364 2 2 2 2
365 1 1 1 2
366 1 1 2 2
367 2 2 2 2
368 2 2 2 2
369 2 2 1 1
370 1 1 1 1
371 2 2 2 2
372 2 2 2 2
373 2 1 1 2
374 2 1 2 2
375 1 2 2 2
376 2 1 1 2
377 1 1 1 1
378 2 2 2 2
379 2 2 2 2
380 2 1 1 2
381 2 2 2 1
382 1 2 1 2
383 2 1 1 2
384 2 1 2 2
385 2 1 1 2
386 1 1 1 1
387 1 1 1 2
388 2 1 2 2
389 2 1 2 2
390 2 2 2 2
391 2 1 2 2
392 2 2 2 2
393 2 1 1 1
394 1 1 1 1
395 2 2 1 2
396 2 1 2 2
397 2 2 2 2
398 1 2 1 1
399 2 2 1 2
400 2 2 2 2
401 1 2 2 1
402 1 2 2 1
403 2 2 2 2
404 2 2 2 2
405 1 1 1 1
406 1 1 1 1
407 1 1 1 1
408 2 1 1 1
409 2 1 2 2
410 2 1 2 2
411 1 1 1 2
412 2 1 1 2
413 1 2 1 1
414 2 1 2 2
415 2 2 2 2
416 2 2 2 2
417 2 2 1 2
418 1 2 2 2
419 1 1 1 1
420 2 1 1 1
421 2 1 2 2
422 1 2 1 2
423 1 2 2 2
424 2 2 2 2
425 2 2 2 2
426 2 2 2 2
427 2 2 2 2
428 1 2 2 2
429 2 1 1 2
430 2 2 2 2
431 2 2 2 2
432 2 2 1 2
433 2 2 2 2
434 2 1 1 1
435 1 1 2 2
436 1 2 2 2
437 1 1 1 2
438 2 1 2 1
439 2 2 2 2
440 2 2 2 2
441 2 1 1 2
442 1 2 2 2
443 2 2 2 2
444 1 1 2 1
445 2 1 2 2
446 2 2 2 2
447 2 2 2 2
448 1 2 2 2
449 2 2 1 2
450 2 2 1 1
451 2 2 2 2
452 1 2 1 1
453 2 2 2 2
454 2 2 2 2
455 2 1 2 2
456 1 1 2 2
457 1 2 2 2
458 2 2 2 2
459 2 2 2 2
460 2 1 2 2
461 2 2 2 2
462 2 2 2 2
463 2 2 1 2
464 1 2 2 1
465 1 1 1 1
466 2 2 2 2
467 1 2 2 2
468 2 2 2 2
469 2 1 2 2
470 2 1 1 2
471 2 1 2 1
472 1 2 2 2
473 2 1 1 1
474 2 2 2 2
475 1 1 1 1
476 1 1 1 1
477 1 2 2 2
478 2 2 2 2
479 2 2 2 2
480 2 2 2 2
481 2 1 1 1
482 1 2 2 2
483 2 1 2 2
484 2 2 2 2
485 2 2 1 1
486 1 1 1 1
487 2 1 2 2
488 1 1 2 2
489 2 1 1 2
490 1 1 1 2
491 2 2 2 2
492 1 2 1 1
493 2 2 2 2
494 2 2 2 2
495 1 2 1 1
496 2 2 2 2
497 2 1 2 2
498 2 2 2 2
499 1 1 2 2
500 1 1 2 2
501 1 2 2 1
502 1 1 2 2
503 1 2 2 1
504 2 2 2 2
505 1 1 1 2
506 2 1 1 1
507 2 2 2 2
508 2 1 1 1
509 2 2 2 2
510 1 2 2 2
511 2 1 1 1
512 2 2 1 2
513 2 2 2 2
514 1 2 2 1
515 2 2 2 1
516 2 1 2 2
517 1 1 1 2
518 1 2 1 1
519 2 2 2 2
520 2 1 1 2
521 2 1 1 2
522 1 2 1 2
523 1 2 1 1
524 2 2 2 2
525 2 1 1 2
526 1 1 2 2
527 1 1 1 2
528 2 1 2 2
529 2 2 1 2
530 1 1 1 1
531 1 1 2 2
532 2 2 2 2
533 1 1 1 2
534 2 2 1 2
535 1 2 1 1
536 2 2 2 2
537 1 1 1 1
538 2 2 1 2
539 2 1 1 2
540 1 1 1 1
541 2 1 2 1
542 2 2 2 2
543 1 2 2 2
544 2 2 2 2
545 2 2 2 2
546 2 2 2 2
547 1 1 2 2
548 2 2 2 2
549 2 2 2 2
550 2 2 2 2
551 2 2 2 2
552 2 2 2 2
553 1 2 2 1
554 2 2 1 1
555 1 2 1 1
556 2 2 1 2
557 2 1 1 2
558 1 1 1 1
559 2 2 2 2
560 2 2 2 2
561 2 2 2 2
562 2 2 2 2
563 1 2 2 1
564 1 1 1 1
565 2 2 1 2
566 2 2 2 2
567 1 1 1 2
568 2 2 2 2
569 2 2 2 2
570 2 1 1 1
571 2 1 2 2
572 2 1 2 2
573 2 1 1 2
574 2 1 2 2
575 2 2 2 2
576 1 1 1 1
577 1 1 1 1
578 2 2 2 2
579 2 1 1 2
580 2 2 2 2
581 2 2 2 1
582 1 2 1 2
583 2 2 2 2
584 2 2 2 2
585 2 2 1 2
586 2 1 2 2
587 1 2 2 2
588 1 2 1 2
589 2 2 2 2
590 2 2 2 2
591 2 2 2 1
592 2 2 2 2
593 1 1 1 2
594 2 1 2 2
595 1 1 1 2
596 1 2 1 1
597 2 2 2 2
598 1 1 2 2
599 2 2 2 2
600 2 2 1 2
601 2 1 2 1
602 1 2 1 2
603 1 1 1 1
604 2 2 2 1
605 2 2 1 1
606 1 2 1 2
607 2 1 2 2
608 2 1 1 2
609 2 1 1 2
610 1 1 2 1
611 2 2 2 1
612 2 2 2 2
613 1 1 1 2
614 1 2 1 2
615 2 2 2 2
616 2 1 2 2
617 1 2 2 1
618 2 1 2 2
619 2 1 1 1
620 2 2 2 2
