1 1 1 1 1
2 2 2 1 1
3 1 1 1 1
4 2 2 2 2
5 1 1 2 1
6 2 2 1 2
7 1 2 2 2
8 1 1 1 1
9 1 1 1 1
10 2 2 1 2
11 2 2 1 2
12 1 1 1 2
13 2 2 2 2
14 2 2 1 2
15 1 2 1 1
16 1 2 2 1
17 1 2 1 2
18 2 2 2 2
19 2 2 2 1
20 2 2 2 2
21 2 2 2 2
22 1 2 1 1
23 1 2 1 1
24 2 2 2 2
25 1 2 1 1
26 1 1 1 2
27 2 2 2 2
28 2 2 2 2
29 1 2 2 1
30 1 2 1 2
31 1 2 1 2
32 1 2 2 1
33 2 2 2 2
34 2 2 2 1
35 1 2 2 1
36 1 2 1 2
37 1 2 2 2
38 1 2 1 1
39 2 2 1 1
40 2 2 2 2
41 1 2 2 2
42 1 2 2 2
43 1 1 1 1
44 1 2 2 1
45 2 2 1 1
46 2 2 2 2
47 2 2 2 2
48 2 2 1 2
49 1 2 1 1
50 2 1 1 1
51 2 1 1 2
52 2 2 2 2
53 1 2 2 2
54 2 2 2 2
55 2 2 2 2
56 2 2 2 1
57 1 2 2 1
58 2 2 1 2
59 2 2 2 2
60 2 2 2 2
61 1 2 1 1
62 1 2 1 2
63 1 2 1 1
64 1 2 1 2
65 1 2 1 1
66 1 2 1 1
67 2 1 1 1
68 1 2 1 1
69 2 2 2 2
70 2 2 1 2
71 2 2 1 2
72 1 1 1 1
73 1 1 1 1
74 2 2 2 2
75 2 2 1 2
76 1 2 1 2
77 1 2 2 1
78 2 2 1 2
79 1 2 1 2
80 1 2 2 1
81 2 2 1 2
82 2 2 2 2
83 2 2 1 1
84 2 2 2 2
85 2 2 1 1
86 1 1 2 1
87 2 2 2 2
88 1 1 1 1
89 1 2 1 2
90 1 2 1 1
91 1 2 2 2
92 2 2 2 2
93 2 2 2 2
94 2 2 2 1
95 2 2 2 2
96 2 2 2 1
97 2 2 1 2
98 1 2 1 2
99 1 2 1 1
100 1 2 2 2
101 2 2 2 2
102 2 1 1 2
103 1 2 1 2
104 2 2 1 2
105 1 1 2 2
106 1 2 1 1
107 1 2 2 2
108 2 2 2 2
109 2 2 2 2
110 1 2 1 1
111 2 2 2 2
112 1 2 1 1
113 1 2 1 2
114 1 2 2 2
115 1 2 2 1
116 1 1 2 1
117 2 2 2 2
118 2 2 2 2
119 2 2 1 2
120 1 2 2 2
121 2 2 2 2
122 2 1 1 2
123 2 2 2 1
124 2 2 2 2
125 1 1 1 1
126 2 1 2 1
127 2 2 2 2
128 2 2 2 2
129 1 2 2 2
130 2 2 2 1
131 1 1 1 1
132 1 2 2 2
133 1 1 1 1
134 2 2 1 1
135 1 2 1 2
136 2 2 2 2
137 2 2 2 1
138 2 1 1 2
139 1 2 2 1
140 1 2 1 2
141 2 2 2 2
142 1 1 1 2
143 2 2 2 2
144 1 2 2 2
145 2 2 1 2
146 2 2 1 2
147 2 2 1 2
148 1 2 2 1
149 2 2 1 2
150 1 2 1 1
151 1 2 1 1
152 2 2 1 2
153 2 2 2 2
154 1 1 1 1
155 1 2 2 2
156 2 2 2 2
157 2 2 2 1
158 1 2 2 2
159 2 2 2 2
160 2 2 2 2
161 2 2 1 1
162 1 2 1 1
163 1 2 2 1
164 1 2 1 2
165 2 2 1 1
166 2 2 2 2
167 1 2 1 1
168 2 2 2 2
169 1 2 1 1
170 2 2 2 2
171 2 2 1 1
172 1 2 2 2
173 1 2 2 1
174 2 2 2 2
175 2 2 2 1
176 2 1 2 2
177 1 2 2 2
178 2 2 2 2
179 2 2 2 2
180 1 2 2 1
181 2 2 2 2
182 1 2 2 2
183 2 2 2 2
184 2 2 1 2
185 1 2 2 2
186 2 2 2 2
187 1 2 1 2
188 1 2 1 2
189 1 2 2 1
190 2 2 2 2
191 1 2 2 1
192 2 2 2 2
193 1 2 1 1
194 1 2 2 2
195 2 2 2 2
196 1 1 1 1
197 1 2 1 2
198 1 2 2 2
199 1 2 1 1
200 1 2 1 2
201 1 2 2 2
202 1 2 2 2
203 2 2 1 1
204 2 2 1 1
205 2 2 2 1
206 2 2 1 2
207 2 2 2 1
208 2 2 1 1
209 1 2 1 1
210 1 2 2 2
211 1 1 1 1
212 2 2 2 2
213 2 2 2 2
214 2 2 1 1
215 2 2 2 2
216 2 2 2 2
217 1 2 2 1
218 2 1 1 1
219 1 2 2 1
220 2 2 1 2
221 2 2 2 2
222 2 2 2 2
223 1 2 2 2
224 2 2 1 1
225 1 2 1 2
226 2 2 2 2
227 1 1 1 1
228 2 2 1 2
229 2 2 2 1
230 2 2 2 2
231 2 2 2 2
232 2 2 1 1
233 1 2 1 2
234 2 2 2 2
235 2 2 1 2
236 1 2 2 1
237 2 2 2 2
238 1 2 1 2
239 2 2 1 1
240 2 2 2 2
241 2 2 2 2
242 2 2 2 2
243 1 1 2 2
244 1 2 1 2
