1 0.643334185318
2 0.787400793651
3 0.75
4 0.71369047619
5 0.789880952381
6 0.71875
7 0.513888888889
8 0.920833333333
9 0.357142857143
10 0.48
11 0.45
12 0.643334185318
13 0.388888888889
14 0.858058608059
15 0.643334185318
16 0.543154761905
17 0.643334185318
18 0.826428571429
19 0.735218253968
20 0.5
21 0.683333333333
22 0.549851190476
23 0.909391534392
24 0.643334185318
25 0.773677248677
26 0.657142857143
27 0.668353174603
28 0.277777777778
29 0.84126984127
30 0.643334185318
31 0.75
32 0.849206349206
33 0.774007936508
34 0.643334185318
35 0.79873015873
36 0.643334185318
37 0.643334185318
38 0.714285714286
39 0.819444444444
40 0.780952380952
41 0.416666666667
42 0.706684981685
43 0.643334185318
44 0.643334185318
45 0.762159863946
46 0.895833333333
47 0.744264069264
48 0.643334185318
49 0.731440781441
50 0.474859943978
51 0.59126984127
52 0.596753246753
53 0.296768707483
54 0.643334185318
55 0.313888888889
56 0.85
57 0.416666666667
58 0.772193877551
59 0.865972222222
60 0.501488095238
61 0.662091503268
62 0.857142857143
63 0.643334185318
64 0.181547619048
65 1.0
66 0.918557422969
67 0.111111111111
68 0.81369047619
69 0.5
70 0.114583333333
71 0.656944444444
72 0.166666666667
73 0.842261904762
74 0.655714285714
75 0.0178571428571
76 0.795714285714
77 0.585615079365
78 0.25
79 0.46875
80 1.0
81 0.902777777778
82 0.263888888889
83 0.879411764706
84 0.311755952381
85 0.862878787879
86 0.815873015873
87 0.808035714286
88 0.639583333333
89 0.75
90 0.503684807256
91 0.643334185318
92 0.774702380952
93 0.643334185318
94 0.8625
95 0.5
96 0.643334185318
97 0.649470899471
98 0.775974025974
99 0.937179487179
100 0.643334185318
101 0.718452380952
102 0.359375
103 0.75
104 0.554166666667
105 1.0
106 0.277777777778
