1 0.635056167508
2 0.57619047619
3 0.66626984127
4 0.787857142857
5 0.75
6 0.52380952381
7 0.635056167508
8 0.52
9 0.125
10 0.28
11 0.2
12 0.160799319728
13 0.635056167508
14 0.76978021978
15 0.635056167508
16 0.1
17 0.732467532468
18 0.775
19 0.8
20 0.833333333333
21 0.841558441558
22 0.635056167508
23 0.720068027211
24 0.76
25 1.0
26 0.635056167508
27 0.635056167508
28 0.714285714286
29 0.85
30 0.575
31 0.79387755102
32 0.541666666667
33 0.328896103896
34 0.766666666667
35 0.672222222222
36 0.816666666667
37 0.28
38 0.651334776335
39 0.635056167508
40 0.6
41 0.165277777778
42 0.635056167508
43 0.750793650794
44 0.357142857143
45 0.516369047619
46 0.35
47 0.635056167508
48 0.729545454545
49 0.638888888889
50 0.635056167508
51 0.75462962963
52 0.454464285714
53 0.333333333333
54 0.635056167508
55 0.543452380952
56 0.8375
57 0.630357142857
58 0.635056167508
59 0.635056167508
60 0.857142857143
61 0.673469387755
62 0.841941391941
63 0.208333333333
64 0.388888888889
65 0.583333333333
66 0.9
67 0.551984126984
68 0.635056167508
69 0.780555555556
70 0.742857142857
71 0.784523809524
72 0.433333333333
73 0.635056167508
74 1.0
75 0.635056167508
76 0.857142857143
77 0.714285714286
78 0.635056167508
79 0.635056167508
80 0.857142857143
81 0.635056167508
82 0.127655677656
83 0.635056167508
84 0.816666666667
85 0.633333333333
86 0.190170940171
87 0.710714285714
88 0.15
89 0.25
90 0.6
91 0.635056167508
92 0.635056167508
93 0.865584415584
94 0.677777777778
95 0.82748015873
96 0.375
97 0.782227891156
98 0.635056167508
99 0.635056167508
100 0.635056167508
101 0.635056167508
102 0.908333333333
103 0.635056167508
104 0.763888888889
105 0.640731292517
106 0.795535714286
107 0.518518518519
108 0.92
109 1.0
110 0.608333333333
111 0.638888888889
112 0.65431547619
113 0.511428571429
114 0.65
115 0.55277014652
116 0.477777777778
117 0.754166666667
118 0.6875
119 0.764814814815
120 0.673095238095
121 0.625793650794
122 0.225
123 0.75
124 0.7
125 0.25
126 0.822222222222
127 0.635056167508
128 0.428571428571
129 0.714285714286
130 0.293253968254
131 0.549702380952
132 0.619047619048
133 0.635056167508
134 0.555803571429
135 0.794761904762
136 0.610606060606
137 0.651388888889
138 0.2
139 0.75
140 0.635056167508
141 0.4
142 0.75
143 0.642857142857
144 0.833333333333
145 0.775833333333
146 0.875
147 1.0
148 0.628571428571
149 0.665043290043
150 0.635056167508
151 0.619230769231
152 0.635056167508
153 0.635056167508
154 0.514087301587
155 0.802083333333
156 0.522448979592
157 0.635056167508
158 0.850850340136
159 0.875793650794
160 0.65
161 1.0
162 0.524074074074
163 0.78125
164 0.788650793651
165 0.635056167508
166 0.635056167508
167 0.420476190476
168 0.874867724868
169 0.782857142857
170 0.635056167508
171 0.635056167508
172 0.635056167508
173 0.477777777778
174 0.635056167508
175 0.783035714286
176 0.854212454212
177 0.916666666667
178 0.333333333333
179 0.713736263736
180 0.277777777778
181 0.279166666667
182 0.359887566138
183 0.650892857143
184 0.635056167508
185 0.702777777778
186 0.662662337662
187 0.862896825397
188 0.635056167508
189 0.616666666667
190 1.0
191 0.55
192 0.380357142857
193 0.525
194 0.820555555556
195 0.668095238095
196 0.533333333333
197 0.635056167508
198 0.79880952381
199 0.635056167508
200 0.635056167508
201 0.543080357143
202 1.0
203 0.635056167508
204 0.635056167508
205 0.635056167508
206 0.893333333333
207 0.738095238095
208 0.857142857143
209 0.359523809524
210 0.635056167508
211 0.635056167508
212 0.35303030303
213 0.561111111111
214 0.571428571429
215 0.644444444444
216 0.2
217 0.833333333333
218 0.2
219 0.571428571429
220 0.635056167508
221 0.635056167508
222 0.5
223 0.166666666667
224 0.466666666667
225 0.352380952381
226 0.739775910364
227 0.49626984127
228 0.635056167508
229 0.244444444444
230 0.635056167508
231 0.71130952381
232 0.5
233 0.819696969697
234 0.525
235 0.256666666667
236 0.543939393939
237 0.635056167508
238 0.65782627866
239 0.4
240 0.144217687075
241 0.884126984127
242 0.809821428571
243 0.795918367347
244 0.714285714286
245 0.867142857143
246 0.806349206349
247 0.861111111111
248 0.635056167508
249 0.6
250 0.875
251 0.856051587302
252 0.755555555556
253 0.635056167508
254 0.531994047619
255 0.7875
256 0.857142857143
257 1.0
258 0.666666666667
259 0.678869047619
260 0.2
261 0.614583333333
262 0.368707482993
263 0.926020408163
264 0.612142857143
265 0.635056167508
266 0.383482142857
267 0.635056167508
268 0.166666666667
269 0.786111111111
270 0.809183673469
271 1.0
272 0.676686507937
273 0.635056167508
274 0.635056167508
275 0.635056167508
276 0.525
277 0.674603174603
278 0.25
279 0.613888888889
280 0.944444444444
281 0.714710884354
282 0.851020408163
283 0.52380952381
284 0.694897959184
285 0.88
286 0.635056167508
287 0.425
288 0.452380952381
289 0.833333333333
290 0.800714285714
291 0.8
292 0.635056167508
293 0.635056167508
294 0.482738095238
295 0.754761904762
296 0.456349206349
297 0.655555555556
298 0.635056167508
299 0.6
300 0.872222222222
301 0.333333333333
302 0.635056167508
303 0.690211640212
304 0.635056167508
305 0.844345238095
306 0.635056167508
307 1.0
308 0.675
309 0.775
310 0.635056167508
311 1.0
312 0.225
313 0.635056167508
314 0.8
315 0.875
316 0.635056167508
317 0.3375
318 1.0
319 0.663461538462
320 0.912012987013
321 0.601488095238
322 0.635056167508
323 0.877083333333
324 0.857142857143
325 0.25
326 0.635056167508
327 0.635056167508
328 0.742857142857
329 0.635056167508
330 0.635056167508
331 0.277777777778
332 0.490476190476
333 0.580086580087
334 0.904761904762
335 0.378306878307
336 0.79
337 0.635056167508
338 0.4
339 0.8
340 0.635056167508
341 0.928571428571
342 0.817602040816
343 0.703125
344 0.316666666667
345 0.35
346 0.8675
347 0.566666666667
348 0.714285714286
349 0.700757575758
350 0.568055555556
351 0.4
352 1.0
353 0.590293040293
354 0.529092261905
355 0.702857142857
356 0.645238095238
357 0.635056167508
358 0.744047619048
359 0.285714285714
360 1.0
361 0.8
362 0.635056167508
363 0.834615384615
364 0.635056167508
365 0.745238095238
366 0.635056167508
367 0.5
368 0.194285714286
369 0.635056167508
370 0.734687336473
371 0.635056167508
372 0.597619047619
373 0.691049382716
374 0.774074074074
375 0.55
376 0.559821428571
377 0.635056167508
378 0.571666666667
379 0.177777777778
380 0.6375
381 0.691666666667
382 0.635056167508
383 0.900595238095
384 0.5
385 0.770833333333
386 0.635056167508
387 0.721085751855
388 0.857142857143
389 0.4
390 0.635056167508
391 0.42
392 0.833333333333
393 0.216746031746
394 0.635056167508
395 0.635056167508
396 0.75
397 1.0
398 0.747732426304
399 0.871428571429
400 0.555555555556
401 0.696130952381
402 0.135714285714
403 0.222222222222
404 0.320512820513
405 0.635056167508
406 0.349145299145
407 0.635056167508
408 0.55
409 0.916666666667
410 1.0
411 0.75
412 0.435416666667
413 0.85625
414 0.8
415 0.611111111111
416 1.0
417 0.887142857143
418 0.1
419 0.506878306878
420 0.85
421 0.4
422 0.569047619048
423 0.846741452991
424 0.521825396825
425 0.59537037037
426 0.857142857143
427 0.4
428 0.947916666667
429 0.916666666667
430 0.645123177476
431 0.751428571429
432 1.0
433 0.604761904762
434 0.620436507937
435 0.714285714286
436 0.635056167508
437 0.696336996337
438 0.428571428571
439 0.0714285714286
440 0.217261904762
441 0.871111111111
442 0.583333333333
443 0.635056167508
444 0.715079365079
445 0.635056167508
446 0.635056167508
447 0.75
448 0.850714285714
449 1.0
450 0.738988095238
451 0.25
452 0.360317460317
453 0.635056167508
454 0.303835978836
455 0.427380952381
456 0.495918367347
457 0.635056167508
458 0.375
459 0.693928571429
460 0.189603174603
461 0.67380952381
462 0.658333333333
463 0.842091836735
464 0.635056167508
465 0.635056167508
466 0.635056167508
467 0.635056167508
468 1.0
469 0.222222222222
470 0.635056167508
471 0.242592592593
472 0.15
473 0.635056167508
474 0.63489010989
475 0.571428571429
476 0.700425170068
477 0.447448979592
478 0.808035714286
479 0.795714285714
480 0.583333333333
481 0.696103896104
482 0.631632653061
483 0.783588435374
484 0.433333333333
485 0.88
486 0.321428571429
487 0.559027777778
488 0.469047619048
489 0.680357142857
490 0.635056167508
491 0.745535714286
492 0.58
493 0.14753968254
494 0.5
495 0.415327380952
496 0.533333333333
497 0.635056167508
498 0.635056167508
499 0.285714285714
500 0.333333333333
501 1.0
502 0.615699404762
503 0.740634920635
504 0.666666666667
505 0.727380952381
506 0.621626984127
507 0.836111111111
508 0.333333333333
509 0.635056167508
510 0.635056167508
511 0.330555555556
512 0.566666666667
513 0.75
514 0.706349206349
515 0.5
516 0.633333333333
517 0.635056167508
518 0.837820512821
519 0.104166666667
520 0.635056167508
521 0.45
522 0.688095238095
523 0.675
524 0.635056167508
525 0.605714285714
526 0.73021978022
527 0.355555555556
528 0.635056167508
529 0.811428571429
530 0.635056167508
531 0.895734126984
532 0.125
533 0.721875
534 0.635056167508
535 0.9
536 0.875
537 0.635056167508
538 0.777083333333
539 0.697222222222
540 0.814047619048
541 0.714285714286
542 0.629047619048
543 0.824761904762
544 0.827056277056
545 0.25
546 0.635056167508
547 0.571428571429
548 0.825
549 0.160416666667
550 0.689285714286
551 0.833333333333
552 0.355555555556
553 0.666666666667
554 0.8
555 0.847619047619
556 0.288003663004
557 0.772619047619
558 0.8
559 0.741071428571
560 0.708068783069
561 0.744047619048
562 0.635056167508
563 0.4
564 0.716666666667
565 0.333333333333
566 0.635056167508
567 0.72
568 0.710357142857
569 0.53869047619
570 0.719444444444
571 0.910714285714
572 0.833333333333
573 0.6
574 0.879411764706
575 0.2
576 0.65
577 0.635056167508
578 0.859523809524
579 0.420833333333
580 0.695833333333
581 0.5
582 0.266666666667
583 0.780859010271
584 0.635056167508
585 0.635056167508
586 1.0
587 0.541666666667
588 0.635056167508
589 0.635056167508
590 0.604166666667
591 0.845833333333
592 0.75
593 0.617857142857
594 0.2
595 0.635056167508
596 0.635056167508
597 0.733333333333
598 0.687400793651
599 0.635056167508
600 0.8
601 0.618367346939
602 0.635056167508
603 0.669372294372
604 0.8418997669
605 0.353571428571
606 0.635056167508
607 0.817475579976
608 0.808874458874
609 0.486688311688
610 0.342857142857
611 0.777142857143
612 0.635056167508
613 0.726785714286
614 0.635056167508
615 0.0666666666667
616 0.635056167508
617 0.466666666667
618 0.635056167508
619 0.714285714286
620 0.77
621 0.877083333333
622 0.55
623 0.5
624 0.604166666667
625 0.857142857143
626 0.428571428571
627 0.403095238095
628 0.883333333333
629 0.45
630 0.81
631 0.55
632 0.682852564103
633 0.836734693878
634 0.410714285714
635 0.483333333333
636 0.65
637 0.857142857143
638 0.813636363636
639 0.501020408163
640 0.635056167508
641 0.682993197279
642 0.635056167508
643 0.428571428571
644 0.4
645 0.635056167508
646 0.795238095238
647 0.435714285714
648 0.166666666667
649 0.505476190476
650 0.484375
651 0.857142857143
652 0.661607142857
653 0.708333333333
654 0.816666666667
655 0.633035714286
656 0.635056167508
657 0.2
658 0.686086309524
659 0.635056167508
660 0.635056167508
661 0.741428571429
662 0.635056167508
663 0.75
664 0.5
665 0.5
666 0.583333333333
667 0.587351190476
668 0.68125
669 0.919642857143
670 0.797619047619
671 0.869047619048
672 0.785714285714
673 0.416666666667
674 0.75
675 0.366666666667
676 0.8625
677 0.635056167508
678 0.166666666667
679 0.669642857143
680 1.0
681 0.75
682 0.635056167508
683 0.783333333333
684 0.512261904762
685 0.75
686 0.430396825397
687 0.775324675325
688 0.779081632653
689 0.522619047619
690 0.45
691 0.846984126984
692 0.738888888889
693 0.631155881156
694 0.635056167508
695 0.388888888889
696 1.0
697 0.738333333333
698 0.783333333333
699 0.897707231041
700 0.736547619048
701 0.794246031746
702 0.714285714286
703 1.0
704 0.813650793651
705 0.748095238095
706 0.635056167508
707 0.635056167508
708 0.730423280423
709 0.749047619048
710 0.841666666667
711 0.857142857143
712 0.679365079365
713 0.772767857143
714 0.0833333333333
715 0.635056167508
716 0.826360544218
717 0.752645502646
718 0.67119047619
719 0.61
720 1.0
721 0.714285714286
722 0.648511904762
723 0.647222222222
724 0.285714285714
725 0.815793650794
726 0.677777777778
727 0.635056167508
728 0.714285714286
729 0.725
730 0.635056167508
731 0.634183673469
732 0.814761904762
733 0.578869047619
734 0.25
735 0.475
736 0.266666666667
737 0.88956043956
738 0.597435897436
739 0.842517006803
740 0.55
741 0.845535714286
742 0.552777777778
743 0.45
744 0.575
745 0.579523809524
746 0.635056167508
747 0.786666666667
748 1.0
749 0.757738095238
750 0.678571428571
751 1.0
752 0.426870748299
753 0.658333333333
754 0.658163265306
755 0.830654761905
756 0.635056167508
757 0.9
