1 0.2875
2 0.675396825397
3 0.704081632653
4 0.799062049062
5 0.740316521086
6 0.486172161172
7 0.719266351038
8 0.222222222222
9 0.75018037518
10 0.719266351038
11 0.7375
12 0.845555555556
13 0.743095238095
14 0.780859010271
15 0.333333333333
16 0.719266351038
17 0.60873015873
18 0.789010989011
19 0.719266351038
20 0.579270729271
21 0.323174603175
22 0.719266351038
23 0.444444444444
24 0.719266351038
25 0.927777777778
26 0.719266351038
27 0.719266351038
28 0.7553495116
29 0.942708333333
30 0.383333333333
31 0.719266351038
32 0.926984126984
33 0.827380952381
34 0.750566893424
35 0.773313492063
36 0.9125
37 0.937037037037
38 0.614285714286
39 0.817475579976
40 0.719266351038
41 0.719266351038
42 0.940656565657
43 0.830357142857
44 0.737301587302
45 0.684844322344
46 0.719266351038
47 0.834752747253
48 0.9375
49 0.833333333333
50 0.907596371882
51 0.805728530729
52 0.792798273155
53 0.742243867244
54 0.846741452991
55 0.661416361416
56 0.719266351038
57 0.555272108844
58 0.77380952381
59 0.876428571429
60 0.607993197279
61 0.677968559219
62 0.719266351038
63 0.719266351038
64 0.333333333333
65 0.645123177476
66 0.908333333333
67 0.765476190476
68 0.685604056437
69 0.719266351038
70 0.811240842491
71 0.719266351038
72 0.738378684807
73 0.771296296296
74 0.719266351038
75 0.692063492063
76 0.907596371882
77 0.721130952381
78 0.833333333333
79 0.859294871795
80 0.719266351038
81 0.719266351038
82 0.984848484848
83 0.719266351038
84 0.719266351038
85 0.894510582011
86 0.199047619048
87 0.719266351038
88 0.971861471861
89 0.920634920635
90 0.719266351038
91 0.728835978836
92 0.914965986395
93 0.214285714286
94 0.719266351038
95 0.719266351038
96 0.719266351038
97 0.666666666667
98 0.75
99 0.88869047619
100 0.719266351038
101 0.703273809524
102 0.768928571429
103 0.788888888889
104 0.745238095238
105 0.719266351038
106 0.672619047619
107 0.666666666667
108 0.616666666667
109 0.748586309524
110 0.719266351038
111 0.410894660895
112 0.719266351038
113 0.754464285714
114 0.719266351038
115 0.5
116 0.764392551893
117 0.84326570865
118 0.815145502646
119 0.777777777778
120 0.815396825397
121 0.719266351038
122 0.555555555556
123 0.789125457875
124 0.905045351474
125 0.756802721088
126 0.825595238095
127 0.719266351038
128 0.720634920635
129 0.928738418444
130 0.616666666667
131 0.888392857143
132 0.368055555556
133 0.719266351038
134 0.719266351038
135 0.719266351038
136 0.719266351038
137 0.611111111111
138 0.777777777778
139 0.912131519274
140 0.444444444444
141 0.25
142 0.561111111111
143 0.657407407407
144 0.780982905983
145 0.797335600907
146 0.719413919414
147 0.921428571429
148 0.719266351038
149 0.719266351038
150 0.955555555556
151 0.573603479853
152 0.5
153 0.82037037037
154 0.719266351038
155 0.719954648526
156 0.719266351038
157 0.719266351038
158 0.644841269841
159 0.719266351038
160 0.796626984127
161 0.719266351038
162 0.444444444444
163 0.666666666667
164 0.0833333333333
165 0.333333333333
166 0.618303571429
167 0.719266351038
168 0.789682539683
169 1.0
170 0.643060643061
171 0.719266351038
172 0.719266351038
173 0.869929453263
174 0.63630952381
175 0.735764235764
176 0.868650793651
177 0.719266351038
178 0.971781305115
179 0.558106575964
180 0.836492673993
181 0.719266351038
182 0.730410561661
183 0.76489010989
184 0.719266351038
185 0.769841269841
186 0.93865877712
187 0.719266351038
188 0.796485260771
189 0.719266351038
190 0.777777777778
191 0.719266351038
192 0.685952380952
193 0.775396825397
194 0.916567460317
195 0.647513384052
196 0.719266351038
197 0.73576007326
198 0.719266351038
199 0.799206349206
200 0.75496031746
201 0.236111111111
202 0.759175824176
203 0.655663780664
204 0.719266351038
205 0.719266351038
206 0.972222222222
207 0.719266351038
208 0.719266351038
209 0.666666666667
210 0.597928113553
211 0.719266351038
212 0.719266351038
213 0.719266351038
214 0.910994098494
215 0.833225108225
216 0.814761904762
217 0.930555555556
218 0.743915343915
219 0.905982905983
220 0.707936507937
221 0.731746031746
222 0.772619047619
223 0.888888888889
224 0.719266351038
225 0.719266351038
226 0.75254447933
227 0.691049382716
228 0.68253968254
229 0.794501133787
230 0.68835978836
231 0.910714285714
232 0.422387566138
233 0.569727891156
234 0.690476190476
235 0.719266351038
236 0.719266351038
237 0.719266351038
238 0.719266351038
239 0.709299034299
240 0.831065759637
241 0.802331349206
242 0.696031746032
243 0.170815295815
244 0.719266351038
