1 0.171428571429
2 0.54
3 0.616837363717
4 0.66626984127
5 0.607142857143
6 0.634920634921
7 0.38
8 0.178656462585
9 0.76978021978
10 0.616837363717
11 0.1
12 0.732467532468
13 0.9
14 0.616837363717
15 0.783333333333
16 0.864285714286
17 0.5
18 0.458333333333
19 0.616837363717
20 0.766666666667
21 0.616837363717
22 0.86
23 0.616837363717
24 1.0
25 0.142708333333
26 0.616837363717
27 0.68
28 0.575
29 0.328896103896
30 0.666666666667
31 0.616837363717
32 0.616837363717
33 0.675
34 0.875
35 0.43
36 0.616837363717
37 0.333333333333
38 0.178571428571
39 0.750793650794
40 0.556746031746
41 0.575
42 0.537202380952
43 0.333333333333
44 0.745833333333
45 0.555555555556
46 0.693707482993
47 0.857142857143
48 0.309523809524
49 0.7
50 0.655128205128
51 0.351648351648
52 0.579166666667
53 0.9
54 0.630357142857
55 0.616837363717
56 0.709183673469
57 0.841941391941
58 0.583333333333
59 0.493650793651
60 0.425
61 0.676984126984
62 0.669727891156
63 0.916666666667
64 0.342857142857
65 0.166666666667
66 0.8
67 0.616837363717
68 0.733333333333
69 0.73
70 0.361904761905
71 0.61369047619
72 0.127655677656
73 0.5
74 0.616837363717
75 0.766666666667
76 0.794047619048
77 0.430555555556
78 0.865584415584
79 0.2
80 0.848313492063
81 0.9375
82 0.644444444444
83 0.616837363717
84 0.764370748299
85 0.683333333333
86 0.775595238095
87 0.878231292517
88 0.79
89 0.616837363717
90 0.369047619048
91 0.765079365079
92 0.908333333333
93 0.6
94 0.725
95 0.680555555556
96 0.658588435374
97 0.616837363717
98 0.518518518519
99 0.92
100 0.608333333333
101 0.555555555556
102 0.65431547619
103 0.616837363717
104 0.0714285714286
105 0.616837363717
106 0.779166666667
107 0.616837363717
108 0.673095238095
109 0.709126984127
110 0.31875
111 0.616837363717
112 0.730952380952
113 0.339285714286
114 0.8125
115 0.762433862434
116 0.334920634921
117 0.61746031746
118 0.844761904762
119 0.958333333333
120 0.616837363717
121 0.633333333333
122 0.630555555556
123 0.75
124 0.616837363717
125 0.916666666667
126 0.616837363717
127 0.183333333333
128 0.428571428571
129 0.166666666667
130 0.529464285714
131 0.710497835498
132 0.616837363717
133 0.638492063492
134 0.666666666667
135 0.555753968254
136 0.616837363717
137 0.616837363717
138 0.875
139 0.375
140 0.802083333333
141 0.868707482993
142 0.0642857142857
143 0.65
144 1.0
145 0.524470899471
146 0.103174603175
147 0.607407407407
148 0.166666666667
149 0.84375
150 0.788650793651
151 0.902645502646
152 0.782857142857
153 0.583333333333
154 1.0
155 0.616837363717
156 0.801428571429
157 0.783035714286
158 0.834981684982
159 0.204166666667
160 0.916666666667
161 0.875
162 0.784375
163 0.732967032967
164 0.622857142857
165 0.527777777778
166 0.466666666667
167 0.77380952381
168 0.650892857143
169 0.5
170 0.68538961039
171 0.862896825397
172 1.0
173 0.25
174 0.668095238095
175 0.578571428571
176 0.75
177 0.533333333333
178 0.6
179 0.430357142857
180 0.816666666667
181 0.177777777778
182 0.18112244898
183 0.245238095238
184 0.558705357143
185 0.527777777778
186 1.0
187 0.6
188 0.338520408163
189 0.266666666667
190 0.893333333333
191 0.72
192 0.738095238095
193 0.392857142857
194 0.8
195 0.561111111111
196 0.616837363717
197 0.257482993197
198 0.616837363717
199 0.440178571429
200 0.5
201 0.75
202 0.416666666667
203 0.452380952381
204 0.754481792717
205 0.512936507937
206 0.5
207 0.138888888889
208 0.166666666667
209 0.616837363717
210 0.555555555556
211 0.77380952381
212 0.616837363717
213 0.54
214 0.865151515152
215 0.356666666667
216 0.650793650794
217 0.643937389771
218 0.179931972789
219 0.75
220 0.142857142857
221 0.85119047619
222 0.831632653061
223 0.876666666667
224 0.232142857143
225 0.616837363717
226 0.616837363717
227 0.432738095238
228 0.747619047619
229 0.96
230 0.944444444444
231 0.45641025641
232 0.856051587302
233 0.64
234 0.526530612245
235 0.768253968254
236 0.656646825397
237 0.678869047619
238 0.375
239 0.886904761905
240 0.509285714286
241 0.861904761905
242 0.54693877551
243 0.714761904762
244 1.0
245 0.926020408163
246 0.399404761905
247 0.616837363717
248 0.534920634921
249 0.844897959184
250 0.786111111111
251 0.616837363717
252 0.616837363717
253 0.718353174603
254 0.545238095238
255 0.191836734694
256 0.702380952381
257 0.832063492063
258 0.593055555556
259 0.944444444444
260 0.696853741497
261 0.815306122449
262 0.666666666667
263 0.833333333333
264 0.616837363717
265 0.825714285714
266 0.833333333333
267 0.816666666667
268 0.634920634921
269 0.616837363717
270 0.507738095238
271 0.221904761905
272 0.770386904762
273 0.623015873016
274 0.65
275 0.725
276 0.690211640212
277 0.14
278 0.616837363717
279 0.865178571429
280 0.378571428571
281 0.8
282 0.775
283 0.75
284 0.475
285 0.875
286 0.196428571429
287 0.470238095238
288 0.0869047619048
289 0.616837363717
290 0.740384615385
291 0.472916666667
292 0.93474025974
293 0.601488095238
294 0.616837363717
295 0.616837363717
296 0.0952380952381
297 0.8875
298 0.616837363717
299 0.616837363717
300 0.616837363717
301 0.672619047619
302 0.619047619048
303 0.41
304 0.595238095238
305 0.616837363717
306 0.166666666667
307 0.616837363717
308 0.7825
309 0.916666666667
310 0.733333333333
311 0.817602040816
312 0.746212121212
313 0.529092261905
314 0.609523809524
315 0.68619047619
316 0.514285714286
317 0.530612244898
318 0.152272727273
319 0.767965367965
320 0.5
321 0.616837363717
322 0.758333333333
323 1.0
324 0.166666666667
325 0.616837363717
326 0.716666666667
327 0.801851851852
328 0.432142857143
329 0.8
330 0.842948717949
331 0.622321428571
332 0.595833333333
333 0.616837363717
334 0.816666666667
335 0.558673469388
336 0.879761904762
337 0.833333333333
338 0.456760396466
339 0.52
340 0.5
341 0.666666666667
342 0.142857142857
343 0.684523809524
344 0.166666666667
345 0.535714285714
346 0.166666666667
347 0.892261904762
348 0.696130952381
349 0.122222222222
350 0.260714285714
351 0.238095238095
352 0.683333333333
353 0.349145299145
354 0.666666666667
355 0.320512820513
356 0.616837363717
357 0.616837363717
358 0.847123015873
359 0.8
360 0.855291005291
361 0.623015873016
362 0.85625
363 0.728571428571
364 0.777777777778
365 0.887142857143
366 0.616837363717
367 0.9
368 0.5
369 0.756666666667
370 0.678571428571
371 0.527777777778
372 0.662797619048
373 0.480158730159
374 0.166666666667
375 0.7
376 0.96
377 0.506295787546
378 0.623148148148
379 0.96875
380 0.616837363717
381 1.0
382 0.815476190476
383 0.645123177476
384 0.0285714285714
385 0.616837363717
386 0.666666666667
387 0.877777777778
388 0.935714285714
389 0.78253968254
390 0.620436507937
391 0.402083333333
392 0.248511904762
393 0.527777777778
394 0.871111111111
395 0.666666666667
396 0.225
397 0.729437229437
398 0.25
399 0.850714285714
400 0.75
401 0.616837363717
402 0.25
403 0.5
404 0.585714285714
405 1.0
406 0.775
407 0.222936507937
408 0.877806122449
409 0.214814814815
410 0.916666666667
411 0.630952380952
412 0.933333333333
413 0.700425170068
414 0.5
415 0.35
416 0.808035714286
417 0.52
418 0.696103896104
419 0.874267399267
420 0.821577380952
421 0.234432234432
422 0.765731292517
423 0.616837363717
424 0.675
425 0.928738418444
426 0.694494047619
427 0.611904761905
428 0.579861111111
429 0.742857142857
430 0.5
431 0.68
432 0.616837363717
433 0.786666666667
434 0.14753968254
435 0.1
436 0.333333333333
437 0.833333333333
438 0.95
439 0.602976190476
440 0.5
441 0.27380952381
442 0.616837363717
443 0.646949404762
444 0.785714285714
445 0.740634920635
446 0.428571428571
447 0.333333333333
448 0.282936507937
449 0.727380952381
450 0.428571428571
451 0.863888888889
452 0.571428571429
453 0.372222222222
454 0.616837363717
455 0.616837363717
456 0.75
457 0.4
458 0.636666666667
459 0.8
460 0.616837363717
461 0.616837363717
462 0.837820512821
463 0.333333333333
464 0.659722222222
465 0.575
466 0.2
467 0.594175824176
468 0.15
469 0.728571428571
470 0.630714285714
471 0.616837363717
472 0.73021978022
473 0.595833333333
474 0.744444444444
475 0.711428571429
476 0.438888888889
477 0.791666666667
478 0.738888888889
479 0.830714285714
480 0.714285714286
481 0.8
482 0.166666666667
483 0.25
484 0.8
485 0.833333333333
486 0.559974053724
487 0.791666666667
488 0.542857142857
489 0.825
490 0.191666666667
491 0.689285714286
492 1.0
493 0.616837363717
494 0.438888888889
495 0.288003663004
496 0.741369047619
497 0.827380952381
498 0.865750915751
499 0.75
500 0.77
501 0.845238095238
502 0.66369047619
503 0.333333333333
504 0.527619047619
505 0.766666666667
506 0.95
507 0.65
508 0.3
509 0.714285714286
510 0.879411764706
511 0.150148809524
512 0.4
513 0.809523809524
514 0.309352106227
515 0.608333333333
516 0.675
517 0.791666666667
518 0.714285714286
519 0.75
520 0.35
521 0.8
522 0.541666666667
523 0.5
524 0.5
525 0.752857142857
526 0.244444444444
527 0.793650793651
528 0.791666666667
529 0.845833333333
530 0.317490842491
531 0.675
532 0.708234126984
533 0.59619047619
534 0.618367346939
535 0.6920995671
536 0.666666666667
537 0.616837363717
538 0.31746031746
539 0.831601731602
540 0.333333333333
541 0.55487012987
542 0.65
543 0.502380952381
544 0.15
545 0.616837363717
546 0.325
547 0.5
548 0.908333333333
549 0.795535714286
550 0.466666666667
551 0.344682539683
552 0.566326530612
553 0.483928571429
554 0.616837363717
555 0.616837363717
556 0.7125
557 0.434285714286
558 0.616837363717
559 0.428095238095
560 0.808333333333
561 0.651602564103
562 0.836734693878
563 0.71130952381
564 0.533904587476
565 0.859090909091
566 0.682993197279
567 0.616837363717
568 0.616837363717
569 0.6
570 0.25
571 0.35
572 0.790476190476
573 0.616837363717
574 0.327777777778
575 0.505476190476
576 0.546875
577 0.640773809524
578 0.166666666667
579 0.616837363717
580 0.833333333333
581 0.208333333333
582 0.633035714286
583 0.5
584 0.8375
585 0.5
586 0.933333333333
587 0.441666666667
588 0.801587301587
589 0.633333333333
590 0.833333333333
591 0.9
592 0.616837363717
593 0.7
594 0.616837363717
595 0.22
596 0.587351190476
597 0.797619047619
598 0.87619047619
599 0.398958333333
600 0.75
601 0.666666666667
602 0.787351190476
603 0.616837363717
604 0.8625
605 0.883333333333
606 0.5
607 0.239285714286
608 0.616837363717
609 0.616837363717
610 0.575595238095
611 0.845833333333
612 0.875
613 0.556666666667
614 0.783333333333
615 0.616369047619
616 0.79693877551
617 0.833333333333
618 0.674603174603
619 0.863650793651
620 0.333333333333
621 0.780555555556
622 0.746031746032
623 0.616837363717
624 0.763333333333
625 0.330357142857
626 0.5
627 0.616837363717
628 0.798095238095
629 0.616837363717
630 0.666666666667
631 0.616837363717
632 0.8
633 0.616837363717
634 0.842857142857
635 0.833333333333
636 1.0
637 0.826360544218
638 0.752645502646
639 0.520238095238
640 0.71
641 0.344951923077
642 0.383333333333
643 0.688888888889
644 0.679761904762
645 0.773469387755
646 0.78246031746
647 0.775
648 0.825
649 0.1
650 0.610119047619
651 0.222354497354
652 0.875
653 0.5
654 0.547619047619
655 0.806802721088
656 0.458333333333
657 0.861160714286
658 0.575
659 0.616837363717
660 0.685034013605
661 0.622222222222
662 0.933333333333
663 0.786666666667
664 0.595238095238
665 0.569727891156
666 0.686111111111
667 0.616837363717
668 0.616837363717
669 0.489523809524
670 0.6
671 0.846279761905
