1 0.1875
2 0.560515873016
3 0.765934065934
4 0.772016178266
5 0.208333333333
6 0.291666666667
7 0.768086080586
8 0.651334776335
9 0.846428571429
10 0.79462962963
11 0.859294871795
12 0.446153846154
13 0.0357142857143
14 0.626678083596
15 0.872023809524
16 0.804804170189
17 0.0825892857143
18 0.216666666667
19 0.166666666667
20 0.95
21 0.166666666667
22 0.511103479853
23 0.61130952381
24 0.78489010989
25 0.759577228327
26 0.890160765161
27 0.503401360544
28 0.919312169312
29 0.705026455026
30 0.746527777778
31 0.75
32 0.774470899471
33 0.880555555556
34 0.9125
35 0.981481481481
36 0.589285714286
37 0.626678083596
38 0.76683964184
39 0.813988095238
40 0.69474969475
41 0.652968559219
42 0.625
43 0.655048500882
44 0.626678083596
45 0.626678083596
46 0.739392551893
47 0.291666666667
48 0.541666666667
49 0.305555555556
50 0.662897999436
51 0.19494047619
52 0.333333333333
53 0.626678083596
54 0.763258765044
55 0.73549382716
56 0.727480852481
57 0.732624213393
58 0.468525102349
59 0.57017982018
60 0.403174603175
61 0.626678083596
62 0.911458333333
63 0.247435897436
64 0.907596371882
65 0.782083987441
66 0.880074786325
67 0.677476118653
68 0.541666666667
69 0.677579365079
70 0.713928571429
71 0.638888888889
72 0.626678083596
73 1.0
74 0.785485347985
75 0.857142857143
76 0.718482905983
77 0.166666666667
78 0.811492673993
79 0.0178571428571
80 0.655952380952
81 0.929067460317
82 0.774175824176
83 0.824134199134
84 0.416666666667
85 0.891176470588
86 0.166666666667
87 0.804388422035
88 0.829975579976
89 0.3125
90 0.275793650794
91 0.626678083596
92 0.883333333333
93 0.769574175824
94 0.733630952381
95 0.500992063492
96 0.119047619048
97 0.626678083596
98 0.583333333333
99 0.711086309524
100 0.801625457875
101 0.25
102 0.9125
103 0.0833333333333
104 0.650203500204
105 0.842151675485
106 0.971781305115
107 0.25744047619
108 0.950197238659
109 0.5
110 0.834761904762
111 0.904945054945
