1 0.647901156175
2 0.25
3 0.52
4 0.64
5 0.647901156175
6 0.8
7 0.167942176871
8 0.781318681319
9 0.05
10 0.727922077922
11 0.647901156175
12 0.877922077922
13 0.804166666667
14 0.748639455782
15 0.148958333333
16 0.9375
17 0.8
18 0.625
19 0.647901156175
20 0.766666666667
21 0.647901156175
22 0.75
23 0.75
24 0.735714285714
25 0.77746031746
26 0.583333333333
27 0.73125
28 0.647901156175
29 0.765909090909
30 0.657993197279
31 0.410714285714
32 0.75
33 0.625
34 0.880357142857
35 0.525595238095
36 0.8875
37 0.667857142857
38 0.647901156175
39 0.647901156175
40 0.647901156175
41 0.510317460317
42 0.647901156175
43 0.647901156175
44 1.0
45 0.75
46 0.771428571429
47 0.809523809524
48 0.633333333333
49 0.275641025641
50 0.459523809524
51 0.0857142857143
52 0.916666666667
53 0.716666666667
54 0.647901156175
55 0.81
56 0.461904761905
57 0.127655677656
58 0.647901156175
59 0.666666666667
60 0.744047619048
61 0.647901156175
62 0.883766233766
63 0.860813492063
64 0.8125
65 0.75
66 0.647901156175
67 0.647901156175
68 0.77
69 0.316666666667
70 0.647901156175
71 0.352380952381
72 0.933333333333
73 0.95
74 0.875
75 0.683588435374
76 0.512962962963
77 0.647901156175
78 0.96
79 0.666666666667
80 0.531428571429
81 0.494444444444
82 0.774166666667
83 0.713095238095
84 0.69246031746
85 0.75
86 0.26875
87 0.86
88 0.621428571429
89 0.751322751323
90 0.647901156175
91 0.322420634921
92 0.45
93 0.647901156175
94 0.647901156175
95 0.392857142857
96 0.647901156175
97 0.0916666666667
98 0.814761904762
99 0.647901156175
100 0.75
101 0.647901156175
102 0.628787878788
103 0.680555555556
104 0.795833333333
105 0.2
106 0.678571428571
107 0.857142857143
108 0.604464285714
109 0.701406926407
110 1.0
111 0.647901156175
112 0.685897435897
113 0.632936507937
114 0.547420634921
115 1.0
116 0.775
117 0.625
118 0.761904761905
119 0.647901156175
120 0.827083333333
121 0.647901156175
122 0.647901156175
123 0.898015873016
124 0.485582010582
125 0.801984126984
126 0.475476190476
127 0.777857142857
128 0.647901156175
129 0.791428571429
130 0.778869047619
131 0.834981684982
132 0.916666666667
133 0.647901156175
134 0.784375
135 0.905555555556
136 0.647901156175
137 0.692857142857
138 0.330357142857
139 0.389054232804
140 0.4
141 0.700892857143
142 0.842063492063
143 0.647901156175
144 0.75
145 0.25
146 0.8
147 0.54
148 0.541156462585
149 0.889285714286
150 0.688095238095
151 0.666666666667
152 0.841666666667
153 0.219444444444
154 0.647901156175
155 0.647901156175
156 0.568080357143
157 1.0
158 0.525
159 0.647901156175
160 0.906666666667
161 0.382857142857
162 0.554444444444
163 0.25
164 0.8
165 0.833333333333
166 0.485714285714
167 0.647901156175
168 0.625
169 0.647901156175
170 0.763305322129
171 0.647901156175
172 0.25
173 0.775396825397
174 0.502936507937
175 0.683333333333
176 0.75
177 0.647901156175
178 0.177777777778
179 0.51
180 0.819696969697
181 0.33125
182 0.1
183 0.580303030303
184 0.747023809524
185 0.655048500882
186 0.633333333333
187 0.5875
188 0.866666666667
189 0.867142857143
190 0.419642857143
191 0.928571428571
192 0.647901156175
193 0.766369047619
194 0.425
195 0.077380952381
196 0.452564102564
197 0.647901156175
198 0.856051587302
199 0.888888888889
200 0.71
201 0.606994047619
202 0.476530612245
203 0.9
204 0.647901156175
205 0.7875
206 0.757142857143
207 0.685813492063
208 1.0
209 1.0
210 0.87619047619
211 0.440136054422
212 0.652142857143
213 0.625
214 0.414732142857
215 0.786111111111
216 0.785714285714
217 0.693353174603
218 0.428571428571
219 0.198979591837
220 0.625
221 0.647901156175
222 0.79873015873
223 0.609722222222
224 0.711139455782
225 0.84387755102
226 0.647901156175
227 0.752040816327
228 0.647901156175
229 0.647901156175
230 0.840714285714
231 0.779166666667
232 1.0
233 0.452738095238
234 0.647901156175
235 0.186904761905
236 0.647901156175
237 0.56746031746
238 0.894444444444
239 0.690211640212
240 0.647901156175
241 0.647901156175
242 0.856845238095
243 0.647901156175
244 0.142857142857
245 0.8125
246 0.845476190476
247 0.647901156175
248 0.366666666667
249 0.663461538462
250 0.125
251 0.912012987013
252 0.8
253 0.261904761905
254 0.875
255 0.593722943723
256 0.35
257 0.2
258 0.394973544974
259 0.541666666667
260 0.87
261 0.95
262 0.7575
263 1.0
264 0.7
265 0.799744897959
266 0.791666666667
267 0.647901156175
268 0.634722222222
269 0.541592261905
270 0.636446886447
271 0.69619047619
272 0.676007326007
273 0.130952380952
274 0.647901156175
275 0.6
276 0.8
277 0.834615384615
278 0.152272727273
279 0.76341991342
280 0.269285714286
281 0.161904761905
282 0.833333333333
283 0.768518518519
284 0.419642857143
285 0.525
286 0.31875
287 0.611666666667
288 0.875
289 0.620833333333
290 0.391666666667
291 0.80625
292 0.175
293 0.647901156175
294 0.691666666667
295 0.913095238095
296 0.647901156175
297 0.503819219996
298 0.5
299 0.446428571429
300 0.8
301 0.675
302 0.647901156175
303 0.647901156175
304 0.871428571429
305 0.725297619048
306 0.9
307 0.375
308 0.641666666667
309 0.670833333333
310 0.357478632479
311 0.358974358974
312 0.488095238095
313 0.86378968254
314 0.871957671958
315 0.0555555555556
316 0.447916666667
317 0.85625
318 0.647901156175
319 0.721428571429
320 0.6875
321 0.490816326531
322 0.75
323 0.900476190476
324 0.833333333333
325 0.933333333333
326 0.551322751323
327 0.85
328 0.619047619048
329 0.617592592593
330 0.947916666667
331 0.647901156175
332 0.642182001006
333 0.6
334 0.738095238095
335 0.647901156175
336 0.414583333333
337 0.347222222222
338 0.677106227106
339 0.71875
340 0.0714285714286
341 0.311011904762
342 0.6
343 0.884444444444
344 0.047619047619
345 0.647901156175
346 0.781746031746
347 0.747619047619
348 0.763988095238
349 0.133333333333
350 0.320502645503
351 0.46626984127
352 0.647901156175
353 0.633035714286
354 0.785714285714
355 0.875
356 0.222936507937
357 0.683333333333
358 0.647901156175
359 0.85637755102
360 0.647901156175
361 0.75
362 0.27037037037
363 0.75
364 0.2375
365 0.665659340659
366 0.728996598639
367 0.647901156175
368 0.815714285714
369 0.833035714286
370 0.452380952381
371 0.490306122449
372 0.5
373 0.846577380952
374 0.775
375 1.0
376 0.875
377 0.925797241974
378 0.92
379 0.719494047619
380 0.592361111111
381 0.725
382 0.764285714286
383 0.647901156175
384 0.647901156175
385 0.826666666667
386 0.333333333333
387 0.75
388 0.4
389 0.647901156175
390 0.640699404762
391 0.757936507937
392 0.753968253968
393 0.647901156175
394 0.755952380952
395 0.688888888889
396 0.647901156175
397 0.7
398 0.96875
399 0.75
400 0.166666666667
401 0.21746031746
402 0.5
403 0.674175824176
404 0.647901156175
405 0.4
406 0.70347985348
407 0.647901156175
408 1.0
409 0.8125
410 0.6375
411 0.647901156175
412 0.555555555556
413 0.6
414 0.746875
415 0.647901156175
416 0.730555555556
417 0.840714285714
418 0.604047619048
419 0.845238095238
420 0.8375
421 0.833134920635
422 0.509523809524
423 0.197916666667
424 0.647901156175
425 0.839285714286
426 0.647901156175
427 0.583333333333
428 0.334157509158
429 0.8875
430 0.752513227513
431 0.783333333333
432 0.84652014652
433 0.625
434 0.647901156175
435 0.705357142857
436 0.777777777778
437 0.74
438 0.95
439 0.575
440 0.879411764706
441 0.75
442 0.125148809524
443 0.520833333333
444 0.708333333333
445 0.346666666667
446 0.647901156175
447 0.647901156175
448 0.804388422035
449 1.0
450 0.65
451 0.647901156175
452 0.742857142857
453 0.647901156175
454 0.302106227106
455 0.55
456 0.775
457 0.647901156175
458 0.6875
459 0.647901156175
460 0.75
461 0.647901156175
462 0.860081585082
463 0.714285714286
464 0.396428571429
465 0.827056277056
466 0.647901156175
467 0.523051948052
468 0.381746031746
469 0.4
470 0.647901156175
471 0.647901156175
472 0.75
473 0.820535714286
474 0.877083333333
475 0.308015873016
476 0.587755102041
477 0.550595238095
478 0.74375
479 0.8125
480 0.416666666667
481 1.0
482 0.508333333333
483 0.647901156175
484 0.6
485 0.75
486 0.647901156175
487 0.670352564103
488 0.647901156175
489 0.647901156175
490 0.6875
491 0.479591836735
492 0.682993197279
493 0.305555555556
494 0.795238095238
495 0.647901156175
496 0.647901156175
497 0.521875
498 0.647901156175
499 0.783333333333
500 0.125
501 0.458333333333
502 0.686086309524
503 0.8
504 0.625
505 0.781428571429
506 0.8125
507 0.625
508 0.5
509 0.75
510 0.65
511 0.692857142857
512 0.633333333333
513 0.624851190476
514 0.73125
515 0.919642857143
516 0.854761904762
517 0.647901156175
518 0.498958333333
519 0.869047619048
520 0.814285714286
521 0.515873015873
522 0.806101190476
523 0.386666666667
524 0.3125
525 0.911904761905
526 0.60625
527 0.647901156175
528 0.572261904762
529 0.444444444444
530 0.647901156175
531 0.933333333333
532 0.467063492063
533 0.626666666667
534 0.572619047619
535 0.666666666667
536 0.807653061224
537 0.625
538 0.121428571429
539 0.625
540 0.846984126984
541 0.64067969068
542 0.916666666667
543 0.813650793651
544 0.525
545 0.75
546 0.724047619048
547 0.833333333333
548 0.647901156175
549 0.75
550 0.797767857143
551 0.647901156175
552 1.0
553 0.62380952381
554 0.840646258503
555 0.789523809524
556 0.536904761905
557 0.669047619048
558 0.747222222222
559 0.802040816327
560 1.0
561 0.78246031746
562 0.727777777778
563 0.544444444444
564 0.142857142857
565 0.684183673469
566 0.723511904762
567 0.584935897436
568 0.647901156175
569 0.647901156175
570 0.806802721088
571 0.858035714286
572 0.647901156175
573 0.502777777778
574 0.647901156175
575 0.647901156175
576 0.933333333333
577 0.782738095238
578 0.484013605442
579 0.658333333333
580 0.416666666667
581 0.830654761905
582 0.9
