1 0.799603174603
2 0.6
3 0.3
4 0.808333333333
5 0.841558441558
6 0.754166666667
7 0.748639455782
8 0.8
9 0.173958333333
10 1.0
11 0.822448979592
12 0.833333333333
13 0.869047619048
14 0.764126984127
15 0.512202380952
16 0.73125
17 0.75
18 0.747727272727
19 1.0
20 0.880357142857
21 0.8375
22 0.841941391941
23 0.771428571429
24 0.742857142857
25 0.52619047619
26 0.0857142857143
27 0.328571428571
28 0.0968864468864
29 0.865584415584
30 0.632334415978
31 0.632334415978
32 0.625
33 0.760799319728
34 0.808928571429
35 0.632334415978
36 0.396825396825
37 0.655017006803
38 0.795535714286
39 0.92
40 0.65119047619
41 0.451428571429
42 0.693095238095
43 0.29375
44 0.807936507937
45 0.592857142857
46 0.305753968254
47 0.55
48 0.574702380952
49 0.0416666666667
50 0.895833333333
51 0.680555555556
52 0.75
53 0.815833333333
54 0.8
55 0.719588744589
56 0.619230769231
57 0.655158730159
58 0.541666666667
59 0.875
60 0.632334415978
61 0.852083333333
62 0.515306122449
63 0.850850340136
64 0.898015873016
65 0.507804232804
66 0.801984126984
67 0.75
68 0.455476190476
69 0.632334415978
70 0.795535714286
71 0.850366300366
72 0.632334415978
73 0.725274725275
74 0.572857142857
75 0.8
76 0.632334415978
77 0.6
78 0.54
79 0.889285714286
80 0.827380952381
81 0.152777777778
82 0.0666666666667
83 0.152551020408
84 0.428571428571
85 0.568080357143
86 0.38137755102
87 0.325
88 0.893333333333
89 0.771428571429
90 0.382857142857
91 0.775
92 0.407575757576
93 0.371428571429
94 0.833333333333
95 0.632334415978
96 0.425
97 0.739775910364
98 0.25
99 0.753174603175
100 0.489603174603
101 0.819696969697
102 0.38125
103 0.3
104 0.366666666667
105 0.562121212121
106 0.666159611993
107 0.7
108 0.884126984127
109 0.834821428571
110 0.887142857143
111 0.419642857143
112 0.407738095238
113 0.764682539683
114 0.91
115 0.525
116 0.077380952381
117 0.467948717949
118 0.581994047619
119 0.476530612245
120 0.9
121 0.8125
122 0.3
123 0.712698412698
124 0.75
125 0.635813492063
126 0.575510204082
127 0.425
128 0.389732142857
129 0.802777777778
130 0.170408163265
131 0.79873015873
132 0.626388888889
133 0.725425170068
134 0.84387755102
135 0.754166666667
136 0.767261904762
137 0.872222222222
138 0.75
139 0.1
140 0.823511904762
141 0.353571428571
142 0.845476190476
143 0.375
144 0.433333333333
145 0.912012987013
146 0.814583333333
147 0.261904761905
148 0.575541125541
149 1.0
150 0.2
151 0.95
152 0.25
153 0.7575
154 0.5
155 0.828316326531
156 0.8875
157 0.601388888889
158 0.605677655678
159 0.682857142857
160 0.676007326007
161 0.764047619048
162 0.609183673469
163 0.8
164 0.134090909091
165 0.858333333333
166 0.161904761905
167 0.525
168 0.36875
169 0.611666666667
170 0.620833333333
171 0.391666666667
172 0.80625
173 0.225
174 0.63125
175 0.758333333333
176 0.515583925878
177 0.253412698413
178 0.5
179 0.875
180 0.871428571429
181 0.675297619048
182 0.210714285714
183 0.9
184 0.290811965812
185 0.312820512821
186 0.725
187 0.827513227513
188 0.85625
189 0.6375
190 0.405102040816
191 0.887142857143
192 0.9
193 0.661904761905
194 0.632334415978
195 0.6
196 0.468795787546
197 0.947916666667
198 0.25
199 0.653946706888
200 0.701428571429
201 1.0
202 1.0
203 0.707875457875
204 0.66875
205 0.8
206 1.0
207 0.871111111111
208 0.632334415978
209 0.632334415978
210 0.25
211 0.890714285714
212 0.722857142857
213 0.738988095238
214 0.2
215 0.444047619048
216 0.510204081633
217 0.608035714286
218 0.209603174603
219 0.616666666667
220 0.85637755102
221 0.225925925926
222 0.665659340659
223 0.700425170068
224 0.632334415978
225 0.375
226 0.285714285714
227 0.51887755102
228 0.732467532468
229 0.874267399267
230 0.821577380952
231 0.208333333333
232 0.775
233 0.780017006803
234 0.914032536091
235 0.744494047619
236 0.609027777778
237 0.691666666667
238 0.789285714286
239 0.140873015873
240 0.4
241 0.238095238095
242 0.628199404762
243 0.753968253968
244 0.632334415978
245 0.741666666667
246 0.52996031746
247 0.380555555556
248 0.91875
249 0.853205128205
250 0.284126984127
251 0.718864468864
252 1.0
253 0.745604395604
254 0.7125
255 0.5875
256 0.644444444444
257 0.632334415978
258 0.4
259 0.730555555556
260 0.827380952381
261 0.644047619048
262 0.827056277056
263 0.576640720391
264 0.799801587302
265 0.789285714286
266 0.509523809524
267 0.222916666667
268 0.796957671958
269 0.783333333333
270 0.705357142857
271 0.677777777778
272 0.78
273 0.725
274 0.891176470588
275 1.0
276 0.302106227106
277 0.55
278 0.720734126984
279 0.668367346939
280 0.708333333333
281 0.687554112554
282 0.8418997669
283 0.777142857143
284 1.0
285 0.776785714286
286 0.142857142857
287 0.795535714286
288 0.166666666667
289 0.348015873016
290 0.559183673469
291 0.533928571429
292 0.84375
293 0.438095238095
294 0.475
295 0.71
296 0.632334415978
297 0.836734693878
298 0.645352564103
299 0.422448979592
300 0.632334415978
301 0.214285714286
302 0.71156462585
303 1.0
304 0.372222222222
305 0.657142857143
306 0.795238095238
307 0.457142857143
308 0.585476190476
309 0.509375
310 0.783333333333
311 0.686086309524
312 0.8
313 0.625
314 0.781428571429
315 0.433333333333
316 0.75
317 0.692857142857
318 0.599851190476
319 0.73125
320 0.919642857143
321 0.423958333333
322 0.781101190476
323 0.5125
324 0.55625
325 0.632334415978
326 0.552261904762
327 0.45373015873
328 0.632334415978
329 0.622619047619
330 0.779081632653
331 0.0714285714286
332 0.860317460317
333 0.734722222222
334 0.650203500204
335 0.798333333333
336 0.783333333333
337 0.748095238095
338 0.525
339 0.724047619048
340 0.797767857143
341 0.66619047619
342 0.74708994709
343 0.669047619048
344 0.830612244898
345 0.8
346 0.142857142857
347 0.806802721088
348 0.845535714286
349 0.619523809524
350 0.742176870748
351 0.512585034014
352 0.830654761905
