1 0.0714285714286
2 0.827857142857
3 0.68
4 0.196513605442
5 0.746103896104
6 0.85974025974
7 0.333333333333
8 0.333333333333
9 0.645940743252
10 0.75
11 0.576587301587
12 0.6625
13 0.541666666667
14 0.378896103896
15 1.0
16 0.916666666667
17 0.44
18 0.165277777778
19 0.804126984127
20 0.522222222222
21 0.573412698413
22 0.545535714286
23 0.729545454545
24 0.645940743252
25 0.435714285714
26 0.666666666667
27 0.665178571429
28 0.568452380952
29 0.678571428571
30 0.625
31 0.742857142857
32 0.85
33 0.647023809524
34 0.5
35 0.92012987013
36 0.694444444444
37 0.775085034014
38 0.625
39 0.906802721088
40 0.933333333333
41 0.75
42 0.769444444444
43 0.669302721088
44 0.870535714286
45 0.57962962963
46 0.733333333333
47 0.65119047619
48 0.753095238095
49 0.74126984127
50 0.8125
51 0.65
52 0.708333333333
53 0.724319727891
54 0.339087301587
55 0.624702380952
56 0.814761904762
57 0.665151515152
58 0.666666666667
59 0.195833333333
60 0.815833333333
61 1.0
62 0.645940743252
63 0.564087301587
64 0.25
65 0.852083333333
66 0.541666666667
67 0.898015873016
68 0.568518518519
69 0.815317460317
70 0.475476190476
71 0.757857142857
72 0.831428571429
73 0.778869047619
74 0.865750915751
75 0.725274725275
76 0.416666666667
77 0.875396825397
78 0.5
79 0.416666666667
80 0.813095238095
81 0.309523809524
82 0.555580357143
83 0.395663265306
84 0.541666666667
85 0.833333333333
86 0.92
87 0.804761904762
88 0.369523809524
89 0.554444444444
90 0.389393939394
91 0.236054421769
92 0.763305322129
93 0.51626984127
94 0.711904761905
95 0.833333333333
96 0.856060606061
97 0.791666666667
98 0.616666666667
99 0.151360544218
100 0.906349206349
101 0.5875
102 0.887142857143
103 0.875
104 0.483333333333
105 0.25
106 0.645940743252
107 0.824761904762
108 0.889384920635
109 0.606994047619
110 0.25
111 0.505102040816
112 0.778869047619
113 0.685813492063
114 0.439285714286
115 0.366071428571
116 0.692142857143
117 0.339732142857
118 0.801587301587
119 0.25
120 0.726686507937
121 0.825396825397
122 0.725425170068
123 0.95
124 0.25
125 0.800714285714
126 0.512738095238
127 0.779761904762
128 0.75
129 0.666666666667
130 1.0
131 0.779100529101
132 0.75
133 0.5
134 0.694230769231
135 0.5
136 0.912012987013
137 0.588988095238
138 1.0
139 0.864583333333
140 0.645940743252
141 0.8
142 0.544642857143
143 0.46164021164
144 0.87
145 0.25
146 0.8175
147 0.25
148 0.6
149 0.842602040816
150 0.5
151 0.645940743252
152 0.645940743252
153 0.75
154 0.591592261905
155 0.69619047619
156 0.676007326007
157 0.784047619048
158 0.0833333333333
159 0.85
160 0.716137566138
161 0.858333333333
162 0.229285714286
163 0.645940743252
164 0.645940743252
165 0.75
166 0.634821428571
167 0.671666666667
168 0.344444444444
169 0.45
170 0.896428571429
171 0.492054514113
172 0.25
173 0.226746031746
174 0.75
175 0.5
176 0.888095238095
177 0.691964285714
178 0.720833333333
179 0.297435897436
180 0.645940743252
181 0.791666666667
182 0.5
183 0.497916666667
184 0.5
185 0.645940743252
186 0.645940743252
187 0.900476190476
188 0.916666666667
189 0.583333333333
190 0.833333333333
191 0.595767195767
192 0.684259259259
193 0.821428571429
194 0.944444444444
195 0.964285714286
196 0.670436507937
197 0.464583333333
198 0.692490842491
199 0.5
200 0.884444444444
201 0.645940743252
202 0.291666666667
203 0.645940743252
204 0.35
205 0.783982683983
206 0.916666666667
207 0.05
208 0.788988095238
209 0.364947089947
210 0.510204081633
211 0.645940743252
212 0.683333333333
213 0.870663265306
214 0.852678571429
215 0.208333333333
216 0.27037037037
217 0.5
218 0.665659340659
219 0.5
220 0.883035714286
221 0.504591836735
222 0.750649350649
223 0.905036630037
224 0.96
225 0.583333333333
226 0.609027777778
227 0.75
228 0.66
229 0.645940743252
230 0.180873015873
231 0.440327380952
232 0.645940743252
233 0.640699404762
234 0.767301587302
235 0.324603174603
236 0.333333333333
237 0.770238095238
238 0.858333333333
239 0.90306122449
240 0.380555555556
241 0.622222222222
242 0.5
243 0.645940743252
244 0.566666666667
245 0.75
246 0.541666666667
247 0.718864468864
248 0.640714285714
249 0.776373626374
250 0.791428571429
251 1.0
252 0.633333333333
253 0.864583333333
254 0.797222222222
255 0.9
256 0.827380952381
257 0.664047619048
258 1.0
259 0.609974053724
260 0.875
261 0.125
262 0.447222222222
263 1.0
264 0.318772893773
265 0.752513227513
266 0.725357142857
267 0.902941176471
268 1.0
269 0.75
270 0.645940743252
271 0.386666666667
272 0.65
273 0.75
274 0.767857142857
275 0.64619047619
276 0.723917748918
277 0.878263403263
278 0.367857142857
279 0.827056277056
280 0.381746031746
281 0.837142857143
282 0.25
283 0.334682539683
284 0.478095238095
285 0.472883597884
286 0.808333333333
287 0.316666666667
288 0.868181818182
289 0.508163265306
290 0.35
291 0.375
292 0.845238095238
293 0.5
294 0.542857142857
295 0.525476190476
296 0.534375
297 0.645940743252
298 0.645940743252
299 1.0
300 0.666666666667
301 0.533333333333
302 0.5
303 0.333333333333
304 0.624851190476
305 0.919642857143
306 0.883333333333
307 0.473958333333
308 0.871428571429
309 0.916666666667
310 0.8875
311 0.426666666667
312 0.645940743252
313 0.552261904762
314 0.467063492063
315 0.807653061224
316 0.846984126984
317 0.768055555556
318 0.5
319 0.758333333333
320 0.796547619048
321 0.810912698413
322 0.5
323 0.761428571429
324 0.791534391534
325 0.744047619048
326 0.75
327 0.822767857143
328 0.490476190476
329 0.5
330 0.840646258503
331 0.66619047619
332 0.813756613757
333 0.687229437229
334 0.583333333333
335 1.0
336 0.698511904762
337 0.795793650794
338 0.625
339 0.25
340 1.0
341 0.675
342 0.125
343 0.712755102041
344 0.647619047619
345 0.416666666667
346 0.870535714286
347 0.75
348 0.805555555556
349 0.61746031746
350 0.559523809524
351 0.830654761905
