1 0.25
2 0.75
3 0.552957353828
4 0.552957353828
5 0.25
6 0.552957353828
7 0.552957353828
8 0.552957353828
9 0.375
10 0.552957353828
11 0.552957353828
12 0.25
13 0.25
14 0.5
15 0.552957353828
16 0.552957353828
17 0.5
18 0.552957353828
19 0.552957353828
20 0.25
21 0.552957353828
22 0.75
23 0.552957353828
24 0.552957353828
25 0.552957353828
26 0.25
27 0.552957353828
28 0.552957353828
29 0.552957353828
30 0.552957353828
31 0.5
32 0.552957353828
33 0.5
34 0.552957353828
35 1.0
36 0.552957353828
37 0.552957353828
38 0.552957353828
39 0.25
40 0.333333333333
41 1.0
42 0.5
43 0.5
44 0.552957353828
45 0.552957353828
46 0.5
47 0.552957353828
48 0.552957353828
49 0.75
50 0.552957353828
51 0.552957353828
52 0.552957353828
53 0.25
54 0.552957353828
55 0.552957353828
56 0.552957353828
57 0.552957353828
58 0.5
59 0.552957353828
60 0.25
61 0.75
62 0.375
63 0.552957353828
64 1.0
65 0.25
66 0.552957353828
67 0.552957353828
68 0.552957353828
69 0.552957353828
70 0.552957353828
71 0.75
72 0.315476190476
73 0.25
74 0.552957353828
75 0.25
76 0.552957353828
77 0.552957353828
78 0.25
79 0.552957353828
80 0.552957353828
81 0.552957353828
82 0.75
83 0.552957353828
84 0.75
85 0.75
86 0.5
87 0.5
88 0.552957353828
89 0.552957353828
90 0.5
91 0.552957353828
92 0.552957353828
93 0.75
94 1.0
95 0.5
96 0.5
97 0.552957353828
98 0.552957353828
99 0.552957353828
100 0.05
101 0.25
102 1.0
103 1.0
104 0.552957353828
105 0.75
106 0.552957353828
107 0.25
108 0.552957353828
109 0.5
110 1.0
111 0.75
112 0.75
113 0.552957353828
114 0.552957353828
115 0.552957353828
116 1.0
117 0.552957353828
118 0.5
119 0.75
120 0.552957353828
121 1.0
122 0.5
123 0.5
124 0.552957353828
125 0.25
126 0.552957353828
127 0.75
128 0.552957353828
129 0.552957353828
130 0.25
131 0.25
132 0.552957353828
133 0.5
134 0.552957353828
135 0.5
136 0.552957353828
137 0.552957353828
138 0.552957353828
139 0.552957353828
140 0.552957353828
141 0.25
142 0.714285714286
143 0.552957353828
144 0.75
145 0.5
146 0.552957353828
147 0.5
148 0.552957353828
149 0.75
150 0.552957353828
151 0.552957353828
152 0.552957353828
153 0.552957353828
154 0.552957353828
155 0.552957353828
156 0.552957353828
157 0.552957353828
158 0.552957353828
159 0.552957353828
160 0.75
161 0.75
162 0.552957353828
163 0.552957353828
164 0.552957353828
165 0.552957353828
166 0.552957353828
167 0.552957353828
168 1.0
169 0.5
170 0.25
171 0.552957353828
172 0.875
173 0.895535714286
174 0.25
