1 0.52
2 0.787857142857
3 0.45
4 0.4
5 0.65
6 0.750549450549
7 0.741666666667
8 0.583587486976
9 0.583587486976
10 0.638888888889
11 0.541666666667
12 1.0
13 0.8
14 0.5
15 1.0
16 0.6
17 0.583587486976
18 0.583587486976
19 0.583587486976
20 0.625
21 0.232142857143
22 0.6
23 0.168571428571
24 0.583587486976
25 0.354166666667
26 0.183333333333
27 0.691156462585
28 0.583587486976
29 0.8
30 0.333333333333
31 0.583587486976
32 0.77
33 0.583587486976
34 0.225
35 0.2
36 1.0
37 0.833333333333
38 0.8
39 0.77
40 0.285714285714
41 0.0714285714286
42 0.9
43 0.5
44 0.583587486976
45 0.583587486976
46 0.583587486976
47 0.583587486976
48 0.611904761905
49 0.819444444444
50 0.583587486976
51 0.5
52 0.916666666667
53 0.0833333333333
54 0.529464285714
55 1.0
56 0.583587486976
57 1.0
58 0.6875
59 0.632936507937
60 0.583587486976
61 0.583587486976
62 0.583587486976
63 0.485582010582
64 0.103174603175
65 0.583587486976
66 0.809375
67 0.5
68 0.838888888889
69 0.219444444444
70 0.583587486976
71 0.3
72 0.2
73 0.583587486976
74 0.583587486976
75 0.75
76 0.0954081632653
77 0.583333333333
78 0.583587486976
79 0.62
80 0.775
81 0.333333333333
82 0.9
83 0.111111111111
84 0.833333333333
85 0.583587486976
86 0.738888888889
87 0.466666666667
88 0.43
89 0.370833333333
90 0.598484848485
91 0.25
92 0.8
93 0.8
94 0.741369047619
95 0.95
96 0.333333333333
97 0.63
98 0.583587486976
99 0.583587486976
100 0.5
101 0.712698412698
102 0.583587486976
103 0.583587486976
104 0.2
105 0.604081632653
106 0.170408163265
107 0.660476190476
108 0.83
109 0.583587486976
110 0.583587486976
111 0.483333333333
112 0.779166666667
113 0.616666666667
114 0.625
115 0.14
116 0.833333333333
117 1.0
118 0.4
119 0.510416666667
120 0.133333333333
121 0.45
122 0.674523809524
123 1.0
124 0.566666666667
125 0.2
126 0.583587486976
127 0.8
128 0.583587486976
129 0.8
130 0.134090909091
131 0.466666666667
132 0.9
133 0.361111111111
134 0.566666666667
135 0.583587486976
136 0.0833333333333
137 0.714285714286
138 0.583587486976
139 0.616666666667
140 0.0555555555556
141 0.8
142 1.0
143 0.583587486976
144 0.8
145 0.708333333333
146 0.847123015873
147 0.583587486976
148 0.75
149 0.849735449735
150 0.75
151 0.405102040816
152 0.216666666667
153 0.826666666667
154 0.683333333333
155 0.733333333333
156 0.72
157 0.946428571429
158 0.583587486976
159 0.935714285714
160 0.870714285714
161 0.762857142857
162 0.8
163 0.8
164 0.583587486976
165 0.583035714286
166 0.8
167 0.2
168 0.583587486976
169 0.8
170 0.4
171 0.42
172 0.694494047619
173 0.6
174 0.534523809524
175 0.583587486976
176 1.0
177 0.2
178 0.583587486976
179 0.566666666667
180 0.933333333333
181 0.47619047619
182 0.583587486976
183 0.8
184 0.6
185 0.25
186 0.6
187 0.583587486976
188 0.445833333333
189 0.285714285714
190 0.583587486976
191 0.795238095238
192 1.0
193 0.8375
194 0.483333333333
195 0.166666666667
196 0.8375
197 0.333333333333
198 1.0
199 0.583587486976
200 0.417619047619
201 0.95
202 0.45
203 0.125148809524
204 0.8
205 0.8125
206 0.583587486976
207 0.702857142857
208 0.111111111111
209 0.4
210 0.775
211 0.8
212 0.583587486976
213 0.615079365079
214 0.885714285714
215 0.6
216 0.4
217 0.583587486976
218 0.2
219 0.583587486976
220 0.559183673469
221 0.75
222 0.6
223 0.583587486976
224 0.2
225 0.583587486976
226 0.6
227 0.583587486976
228 0.338888888889
229 0.2
230 0.607142857143
231 0.583587486976
232 0.6
233 0.597222222222
234 0.583587486976
235 0.8
236 0.664285714286
237 0.655555555556
238 0.18
239 0.583587486976
240 0.583587486976
241 0.883333333333
242 0.555555555556
243 0.2
244 0.285714285714
245 0.2
246 0.583587486976
247 0.8
248 0.546666666667
249 0.721726190476
250 0.2
251 0.529166666667
252 0.583587486976
253 0.583587486976
254 0.583587486976
255 0.583587486976
256 0.677083333333
257 0.583587486976
258 0.583587486976
259 0.583587486976
260 0.583587486976
261 0.749523809524
262 0.514285714286
263 0.773469387755
264 0.344444444444
265 0.6
266 0.2
267 0.916666666667
268 0.713605442177
269 1.0
270 0.733333333333
271 0.166666666667
