1 0.25
2 0.61467146285
3 0.807857142857
4 0.55
5 0.8
6 0.333333333333
7 0.539523809524
8 0.61467146285
9 0.833333333333
10 0.55
11 0.750549450549
12 0.05
13 0.741666666667
14 0.61467146285
15 0.148958333333
16 0.505555555556
17 0.8
18 0.705555555556
19 1.0
20 0.6
21 0.61467146285
22 0.8
23 0.61467146285
24 0.75
25 0.6
26 0.455555555556
27 0.282142857143
28 0.833333333333
29 0.627976190476
30 0.8
31 0.833333333333
32 0.61467146285
33 0.328571428571
34 0.454166666667
35 0.183333333333
36 0.691156462585
37 0.6
38 0.776785714286
39 0.4
40 0.61467146285
41 0.75
42 0.61467146285
43 0.75
44 0.61467146285
45 0.820535714286
46 0.225
47 0.4
48 0.8
49 0.8
50 0.775595238095
51 0.906802721088
52 0.352380952381
53 0.715079365079
54 0.171428571429
55 0.75
56 1.0
57 0.61467146285
58 0.669642857143
59 0.75
60 0.694444444444
61 0.589682539683
62 0.819444444444
63 1.0
64 0.916666666667
65 0.283333333333
66 0.61467146285
67 0.25
68 0.554464285714
69 0.6
70 0.6875
71 0.632936507937
72 0.215714285714
73 0.6
74 0.61467146285
75 0.25
76 0.507804232804
77 0.524074074074
78 0.75
79 0.166666666667
80 0.784375
81 0.872222222222
82 0.219444444444
83 0.652857142857
84 0.4
85 0.4
86 1.0
87 0.61467146285
88 0.61467146285
89 0.152551020408
90 0.75
91 0.7
92 1.0
93 1.0
94 0.479166666667
95 0.904761904762
96 1.0
97 1.0
98 0.738888888889
99 0.75
100 0.566666666667
101 0.470833333333
102 0.634848484848
103 0.8
104 0.8
105 0.741369047619
106 0.784761904762
107 0.4
108 0.5
109 0.734920634921
110 1.0
111 0.8
112 0.857142857143
113 0.575510204082
114 0.47619047619
115 0.654761904762
116 0.894897959184
117 0.61467146285
118 0.198979591837
119 0.700476190476
120 0.83
121 1.0
122 0.61467146285
123 1.0
124 0.483333333333
125 1.0
126 0.754166666667
127 0.833333333333
128 0.616666666667
129 0.14
130 0.5
131 0.833333333333
132 0.75
133 0.8
134 0.4
135 0.75
136 0.660416666667
137 0.61467146285
138 0.2
139 0.45
140 0.450793650794
141 0.5
142 0.9
143 0.714523809524
144 0.5
145 0.61467146285
146 0.9
147 0.61467146285
148 0.466666666667
149 0.61467146285
150 0.8
151 0.339285714286
152 0.7
153 0.61467146285
154 0.115909090909
155 0.73835978836
156 0.75
157 0.466666666667
158 1.0
159 0.366666666667
160 0.283333333333
161 0.166666666667
162 0.61467146285
163 0.61467146285
164 0.75
165 0.516666666667
166 0.61467146285
167 0.61467146285
168 0.122222222222
169 0.8
170 1.0
171 0.6
172 1.0
173 0.5
174 0.675
175 0.827513227513
176 0.75
177 0.45
178 0.462244897959
179 0.75
180 0.216666666667
181 0.933333333333
182 0.746666666667
183 0.595238095238
184 0.683333333333
185 0.866666666667
186 0.68
187 1.0
188 0.946428571429
189 0.61467146285
190 0.61467146285
191 0.0642857142857
192 0.935714285714
193 0.628571428571
194 1.0
195 1.0
196 0.8
197 0.666666666667
198 0.285714285714
199 0.61467146285
200 0.533035714286
201 0.8
202 0.0952380952381
203 0.75
204 0.61467146285
205 0.4
206 0.61467146285
207 0.61467146285
208 1.0
209 0.4
210 0.2
211 0.666666666667
212 0.5
213 0.61467146285
214 0.846577380952
215 0.61467146285
216 1.0
217 0.61467146285
218 0.6
219 0.634523809524
220 0.6
221 0.8
222 0.61467146285
223 0.61467146285
224 0.2
225 0.666666666667
226 0.25
227 0.266666666667
228 0.61467146285
229 0.933333333333
230 0.61467146285
231 0.9
232 0.6
233 0.285714285714
234 0.25
235 0.61467146285
236 0.545833333333
237 0.711111111111
238 0.61467146285
239 0.791666666667
240 0.25
241 0.795238095238
242 0.8
243 0.583333333333
244 0.61467146285
245 0.8375
246 1.0
247 0.61467146285
248 0.457619047619
249 0.75
250 0.35
251 0.125148809524
252 0.566666666667
253 1.0
254 0.7625
255 0.816153127918
256 0.25
257 0.25
258 0.244444444444
259 0.4
260 0.755952380952
261 0.8
262 0.61467146285
263 0.885714285714
264 1.0
265 0.75
266 0.5
267 0.375
268 0.4
269 0.4
270 0.2
271 0.902083333333
272 0.75
273 0.587755102041
274 0.75
275 0.4
276 0.314285714286
277 0.5
278 0.61467146285
279 0.5
280 0.338888888889
281 0.61467146285
282 0.607142857143
283 0.277777777778
284 0.5
285 0.61467146285
286 0.780357142857
287 0.4
288 0.61467146285
289 0.583333333333
290 0.61467146285
291 0.61467146285
292 0.392857142857
293 0.8
294 0.721428571429
295 0.455555555556
296 0.18
297 0.5
298 0.25
299 0.5
300 0.61467146285
301 0.61467146285
302 0.777777777778
303 0.911904761905
304 0.622222222222
305 0.4
306 0.285714285714
307 1.0
308 0.172619047619
309 1.0
310 0.657142857143
311 0.550595238095
312 0.64126984127
313 0.775324675325
314 0.6
315 0.529166666667
316 0.5
317 0.61467146285
318 0.25
319 0.5
320 0.789523809524
321 0.470238095238
322 0.580952380952
323 0.61467146285
324 0.802040816327
325 0.25
326 0.75
327 0.6
328 0.61467146285
329 0.61467146285
330 0.666666666667
331 0.4
332 0.572619047619
333 0.85
334 0.333333333333
335 0.716666666667
336 0.713605442177
337 1.0
338 0.833333333333
339 0.669642857143
