1 0.6
2 0.772907647908
3 0.812857142857
4 0.62
5 0.732467532468
6 0.7875
7 0.587698412698
8 0.940656565657
9 0.714285714286
10 0.669622498417
11 0.123611111111
12 0.819047619048
13 0.76746031746
14 0.669622498417
15 0.80625
16 0.85
17 0.752272727273
18 0.6
19 0.729421768707
20 0.423214285714
21 0.6
22 0.635897435897
23 0.652678571429
24 0.579166666667
25 0.7875
26 0.841941391941
27 0.669622498417
28 0.805357142857
29 0.784523809524
30 0.392307692308
31 0.669622498417
32 0.710714285714
33 0.865584415584
34 0.4
35 0.875
36 0.535714285714
37 0.908333333333
38 0.708333333333
39 0.712159863946
40 0.601851851852
41 0.669622498417
42 0.66994047619
43 0.561428571429
44 0.669622498417
45 0.723095238095
46 0.2875
47 0.782936507937
48 0.664285714286
49 0.762433862434
50 0.334920634921
51 0.5
52 1.0
53 0.678787878788
54 0.651388888889
55 0.850833333333
56 0.410714285714
57 0.669622498417
58 0.753571428571
59 0.669622498417
60 0.702564102564
61 0.525
62 0.9
63 0.65
64 0.59387755102
65 0.850850340136
66 0.504166666667
67 0.57962962963
68 0.84375
69 0.821984126984
70 0.495476190476
71 0.757857142857
72 0.762202380952
73 0.75
74 0.732967032967
75 0.430357142857
76 0.142857142857
77 0.744642857143
78 0.68538961039
79 0.842063492063
80 0.576870748299
81 0.718095238095
82 0.866666666667
83 0.558705357143
84 0.527777777778
85 0.409948979592
86 0.6
87 0.893333333333
88 0.738095238095
89 0.392857142857
90 0.594444444444
91 0.443939393939
92 0.4
93 0.471428571429
94 0.66369047619
95 1.0
96 0.678571428571
97 0.8
98 0.754481792717
99 0.49626984127
100 0.626700680272
101 0.36875
102 0.4
103 0.589393939394
104 0.790476190476
105 0.671715167549
106 0.911904761905
107 0.669622498417
108 0.6125
109 0.872321428571
110 0.831632653061
111 0.571428571429
112 0.432738095238
113 0.984848484848
114 0.5125
115 0.514102564103
116 0.876884920635
117 0.743303571429
118 0.8
119 0.85
120 0.904761904762
121 0.732142857143
122 0.656646825397
123 0.332993197279
124 0.357738095238
125 0.637142857143
126 0.4875
127 0.806944444444
128 0.9
129 0.702380952381
130 0.815396825397
131 0.634722222222
132 0.815306122449
133 0.730612244898
134 0.75
135 0.850714285714
136 0.246904761905
137 0.786011904762
138 0.927777777778
139 0.773544973545
140 0.8
141 0.844345238095
142 0.4625
143 0.633333333333
144 0.3
145 0.93474025974
146 0.519642857143
147 0.25
148 0.625541125541
149 1.0
150 0.84
151 0.8
152 0.799744897959
153 0.8925
154 0.723484848485
155 0.560342261905
156 0.70293040293
157 0.637755102041
158 0.853846153846
159 0.743915343915
160 0.75
161 0.75
162 0.745238095238
163 0.244285714286
164 0.774074074074
165 0.8
166 0.622321428571
167 0.40625
168 0.621666666667
169 0.9
170 0.575
171 0.70625
172 0.275
173 0.879761904762
174 0.844516594517
175 0.515583925878
176 0.52
177 0.266746031746
178 0.75
179 0.6
180 0.72619047619
181 0.8
182 0.357142857143
183 0.892261904762
184 0.716964285714
185 0.928571428571
186 0.349145299145
187 0.358974358974
188 0.435416666667
189 0.728571428571
190 0.825
191 0.920476190476
192 0.85
193 0.568795787546
194 0.706481481481
195 0.96875
196 0.669622498417
197 0.659829059829
198 0.669622498417
199 0.801428571429
200 1.0
201 0.771428571429
202 0.433333333333
203 0.530555555556
204 0.715567765568
205 0.66875
206 0.279761904762
207 1.0
208 0.887777777778
209 0.715079365079
210 0.669622498417
211 0.774891774892
212 0.949134199134
213 0.875714285714
214 0.75
215 0.266666666667
216 0.387169312169
217 0.531632653061
218 0.222936507937
219 0.783333333333
220 0.842091836735
221 0.735119047619
222 0.607142857143
223 0.669622498417
224 0.3375
225 0.692582417582
226 0.669622498417
227 0.753996598639
228 0.51887755102
229 0.764285714286
230 0.874267399267
231 0.8
232 0.801445578231
233 1.0
234 0.928738418444
235 0.321428571429
236 0.621527777778
237 0.776785714286
238 0.180873015873
239 0.509077380952
240 0.662574404762
241 0.774603174603
242 0.757301587302
243 0.745238095238
244 0.57996031746
245 0.874489795918
246 0.91875
247 0.669622498417
248 1.0
249 0.857051282051
250 0.669622498417
251 0.6375
252 0.6
253 0.726556776557
254 0.669622498417
255 0.655714285714
256 0.768681318681
257 0.7125
258 0.5375
259 0.605555555556
260 0.214285714286
261 0.814047619048
262 0.654047619048
263 0.872510822511
264 0.142857142857
265 0.643307387057
266 0.0714285714286
267 0.191666666667
268 0.345695970696
269 0.84652014652
270 0.675
271 0.719444444444
272 0.2
273 0.894117647059
274 0.193542568543
275 0.9
276 0.440476190476
277 0.545833333333
278 0.716666666667
279 0.29826007326
280 0.6
281 0.6875
282 0.687400793651
283 0.714826839827
284 0.831601731602
285 0.532142857143
286 0.398412698413
287 0.789285714286
288 0.669622498417
289 0.858035714286
290 0.361349206349
291 0.729166666667
292 0.525595238095
293 0.86875
294 0.669622498417
295 0.725446428571
296 0.517328042328
297 0.86
298 0.669622498417
299 0.908163265306
300 0.682852564103
301 0.859090909091
302 0.536734693878
303 0.53125
304 0.658333333333
305 0.717336309524
306 1.0
307 0.841428571429
308 0.388167388167
309 0.875
310 0.6
311 0.583333333333
312 0.649851190476
313 0.919642857143
314 0.492708333333
315 0.785714285714
316 0.818601190476
317 0.466666666667
318 0.669622498417
319 0.375
320 0.63125
321 0.669622498417
322 0.46373015873
323 0.798051948052
324 0.669622498417
325 0.553869047619
326 0.718055555556
327 0.654965404965
328 0.866666666667
329 0.75
330 0.786547619048
331 0.835912698413
332 0.830317460317
333 0.764761904762
334 0.758201058201
335 0.774047619048
336 0.883333333333
337 0.6
338 0.333333333333
339 0.660714285714
340 0.780423280423
341 0.71
342 0.650865800866
343 0.632936507937
344 0.799126984127
345 0.669897959184
346 0.761011904762
347 0.5
348 0.659935897436
349 0.845535714286
350 0.788988095238
351 0.741666666667
352 0.846279761905
353 0.9
