1 0.428571428571
2 0.618065246639
3 0.807857142857
4 0.539523809524
5 0.5
6 0.196513605442
7 1.0
8 0.618065246639
9 0.618065246639
10 0.714285714286
11 0.238095238095
12 0.618065246639
13 0.618065246639
14 0.666666666667
15 0.378896103896
16 0.838888888889
17 0.666666666667
18 0.5
19 0.764126984127
20 0.640079365079
21 0.578869047619
22 0.618065246639
23 0.568452380952
24 0.872710622711
25 0.638888888889
26 1.0
27 0.333333333333
28 0.585317460317
29 0.633333333333
30 0.618065246639
31 0.127655677656
32 0.618065246639
33 0.833333333333
34 0.75
35 0.944444444444
36 0.47619047619
37 0.760799319728
38 0.878231292517
39 0.748412698413
40 0.618065246639
41 0.655017006803
42 0.618065246639
43 0.618065246639
44 0.618065246639
45 0.68869047619
46 0.857142857143
47 0.25
48 0.814166666667
49 0.427777777778
50 0.618065246639
51 0.888888888889
52 0.618065246639
53 0.618065246639
54 1.0
55 0.618065246639
56 0.814761904762
57 0.628787878788
58 0.663888888889
59 0.75
60 0.857142857143
61 0.580753968254
62 0.255714285714
63 0.629591836735
64 0.879421768707
65 0.0357142857143
66 0.618065246639
67 0.612962962963
68 0.815317460317
69 0.797857142857
70 0.444444444444
71 0.5
72 0.762202380952
73 0.850366300366
74 0.70989010989
75 0.857142857143
76 0.75
77 0.791666666667
78 0.5
79 0.79880952381
80 0.593080357143
81 0.395663265306
82 0.893333333333
83 0.804761904762
84 0.857142857143
85 0.39619047619
86 0.554444444444
87 0.407575757576
88 0.26462585034
89 0.777777777778
90 0.679166666667
91 0.125
92 0.833333333333
93 0.618065246639
94 0.583333333333
95 0.775070028011
96 0.552380952381
97 0.489603174603
98 0.222222222222
99 0.380952380952
100 0.598484848485
101 0.5
102 0.179931972789
103 0.483333333333
104 0.75
105 0.864761904762
106 0.447959183673
107 0.5
108 0.618065246639
109 0.728869047619
110 0.618065246639
111 0.837755102041
112 0.71001984127
113 0.618065246639
114 0.739710884354
115 0.666666666667
116 0.820714285714
117 0.47619047619
118 0.767261904762
119 0.472222222222
120 0.894444444444
121 0.823511904762
122 0.618065246639
123 0.333333333333
124 0.618065246639
125 0.75
126 0.618065246639
127 0.571428571429
128 0.694230769231
129 0.714285714286
130 0.166666666667
131 0.52380952381
132 0.618065246639
133 0.571428571429
134 0.285714285714
135 1.0
136 0.618065246639
137 0.125
138 0.799744897959
139 0.928571428571
140 0.625
141 0.8675
142 0.75
143 0.618065246639
144 0.579092261905
145 0.636446886447
146 0.682857142857
147 0.618065246639
148 0.618065246639
149 0.85
150 0.618065246639
151 0.618065246639
152 0.73835978836
153 0.333333333333
154 0.229285714286
155 0.666666666667
156 0.611666666667
157 0.154761904762
158 0.618065246639
159 0.63125
160 0.5
161 0.226746031746
162 0.618065246639
163 0.166666666667
164 0.708630952381
165 0.805555555556
166 0.618065246639
167 0.34358974359
168 0.91380952381
169 0.618065246639
170 0.618065246639
171 1.0
172 0.662037037037
173 0.618065246639
174 0.0357142857143
175 0.670436507937
176 0.849206349206
177 0.414583333333
178 0.707875457875
179 0.618065246639
180 0.871111111111
181 0.618065246639
182 0.714285714286
183 0.543650793651
184 0.618065246639
185 0.209603174603
186 0.228571428571
187 0.5
188 0.333333333333
189 0.248148148148
190 0.681043956044
191 1.0
192 0.743282312925
193 0.714285714286
194 0.476020408163
195 0.920421245421
196 0.780017006803
197 0.914032536091
198 0.180873015873
199 0.618065246639
200 0.583333333333
201 0.565476190476
202 0.5
203 0.665699404762
204 0.767301587302
205 0.928571428571
206 0.257936507937
207 0.727380952381
208 0.25
209 0.618065246639
210 0.618065246639
211 0.618065246639
212 0.853205128205
213 0.618065246639
214 0.875
215 0.640714285714
216 0.760989010989
217 0.618065246639
218 0.791428571429
219 0.814047619048
220 0.9
221 0.854761904762
222 0.618065246639
223 0.789285714286
224 0.364926739927
225 0.75
226 0.618065246639
227 0.861904761905
228 0.725357142857
229 0.75
230 0.766666666667
231 0.333333333333
232 0.302106227106
233 0.25
234 0.708333333333
235 1.0
236 0.737400793651
237 0.52619047619
238 0.618065246639
239 0.25
240 0.618065246639
241 0.860081585082
242 0.559415584416
243 0.291666666667
244 0.559523809524
245 0.902083333333
246 0.348015873016
247 0.618065246639
248 0.533928571429
249 0.5
250 0.618065246639
251 0.958333333333
252 0.316666666667
253 0.75
254 0.583333333333
255 0.740136054422
256 0.392857142857
257 0.1
258 0.5
259 0.618065246639
260 0.35
261 0.618065246639
262 0.857142857143
263 0.509375
264 0.25
265 0.25
266 0.833333333333
267 1.0
268 0.637351190476
269 0.618065246639
270 0.239285714286
271 0.557142857143
272 0.583333333333
273 0.618065246639
274 0.467063492063
275 0.707936507937
276 0.793367346939
277 0.571428571429
278 0.846984126984
279 0.718055555556
280 1.0
281 0.738333333333
282 0.756547619048
283 0.372023809524
284 0.827579365079
285 0.618065246639
286 0.761428571429
287 0.746031746032
288 0.792857142857
289 0.375
290 0.826360544218
291 0.687229437229
292 0.698511904762
293 0.795793650794
294 0.666666666667
295 0.166666666667
296 0.200132275132
297 0.541666666667
298 0.618065246639
299 0.0714285714286
300 0.625
301 0.845535714286
302 0.618065246639
303 0.618065246639
304 0.639682539683
305 0.843154761905
306 0.9375
