1 0.52
2 0.722222222222
3 0.25
4 0.196513605442
5 0.727922077922
6 0.875
7 0.808333333333
8 0.752380952381
9 0.841558441558
10 0.76
11 0.148958333333
12 0.576587301587
13 0.6625
14 0.879591836735
15 0.655564451094
16 0.378896103896
17 0.772222222222
18 0.668650793651
19 0.65
20 0.44
21 0.131944444444
22 0.699404761905
23 0.77746031746
24 0.5
25 0.512202380952
26 0.282142857143
27 0.619047619048
28 0.715136054422
29 0.781296296296
30 0.410714285714
31 0.590178571429
32 0.554166666667
33 0.9375
34 0.667857142857
35 0.368571428571
36 0.443650793651
37 0.847222222222
38 0.8
39 0.839285714286
40 0.71369047619
41 0.112271062271
42 0.791666666667
43 0.655564451094
44 0.5
45 0.0833333333333
46 0.767857142857
47 0.5
48 0.820535714286
49 0.844146825397
50 0.660714285714
51 0.875
52 0.789370748299
53 0.808928571429
54 0.374603174603
55 0.9
56 0.702777777778
57 0.683588435374
58 0.795535714286
59 0.96
60 0.65119047619
61 0.511103479853
62 0.774166666667
63 0.6875
64 0.759259259259
65 0.29375
66 0.774603174603
67 0.86
68 0.455357142857
69 0.656349206349
70 0.667176870748
71 0.339087301587
72 0.624702380952
73 0.5625
74 0.628787878788
75 0.195833333333
76 0.795833333333
77 0.875
78 0.654464285714
79 1.0
80 0.632936507937
81 0.813492063492
82 0.547420634921
83 0.865136054422
84 0.0642857142857
85 0.875793650794
86 0.5
87 0.552248677249
88 0.495476190476
89 0.757857142857
90 0.834981684982
91 0.834375
92 0.872222222222
93 0.725274725275
94 0.692857142857
95 0.712662337662
96 0.875396825397
97 0.655564451094
98 0.62
99 0.580357142857
100 0.569727891156
101 0.889285714286
102 0.625
103 0.820555555556
104 0.668095238095
105 0.580357142857
106 0.813095238095
107 0.18112244898
108 0.580580357143
109 0.367091836735
110 0.893333333333
111 0.655564451094
112 0.382857142857
113 0.581111111111
114 0.407575757576
115 0.75
116 0.8
117 0.421428571429
118 0.833333333333
119 0.485714285714
120 0.833333333333
121 0.739775910364
122 0.775396825397
123 0.502936507937
124 0.597619047619
125 0.177777777778
126 0.819696969697
127 0.570833333333
128 0.906349206349
129 0.809821428571
130 0.867142857143
131 0.5
132 0.831349206349
133 0.791369047619
134 0.483333333333
135 0.856051587302
136 0.581994047619
137 0.821428571429
138 0.734920634921
139 0.65248015873
140 0.819047619048
141 0.661224489796
142 0.41156462585
143 0.926020408163
144 0.802777777778
145 0.652380952381
146 0.71001984127
147 0.655564451094
148 0.227551020408
149 0.609722222222
150 0.725425170068
151 0.723469387755
152 0.625
153 0.800714285714
154 0.804166666667
155 0.792261904762
156 0.655564451094
157 0.840178571429
158 0.286904761905
159 0.875
160 0.865476190476
161 0.678846153846
162 0.425
163 0.930194805195
164 0.638988095238
165 0.655564451094
166 0.593722943723
167 0.333333333333
168 0.584126984127
169 0.417195767196
170 0.392857142857
171 0.9
172 0.7775
173 0.714523809524
174 0.583333333333
175 0.655564451094
176 0.666666666667
177 0.601388888889
178 1.0
179 0.916666666667
180 0.738095238095
181 0.566592261905
182 0.605677655678
183 0.69619047619
184 0.676007326007
185 0.197619047619
186 0.784047619048
187 0.523469387755
188 1.0
189 0.9
190 0.0833333333333
191 0.834615384615
192 0.152272727273
193 0.781601731602
194 0.753968253968
195 0.763258765044
196 0.654761904762
197 0.713271604938
198 0.625
199 0.634821428571
200 0.277777777778
201 0.60625
202 0.725
203 0.65
204 0.896428571429
205 0.701854982624
206 0.35
207 0.266746031746
208 0.9
209 0.888095238095
210 0.210714285714
211 0.328205128205
212 0.625
213 0.86378968254
214 0.825
215 0.827513227513
216 0.90625
217 0.721428571429
218 0.25
219 0.887142857143
220 0.933333333333
221 0.695238095238
222 0.866666666667
223 0.846741452991
224 0.946428571429
225 0.543795787546
226 0.947916666667
227 0.653946706888
228 0.935714285714
229 0.928571428571
230 0.637103174603
231 0.707875457875
232 0.655564451094
233 0.311011904762
234 0.884444444444
235 0.539682539683
236 0.655564451094
237 0.747619047619
238 0.05
239 0.802857142857
240 0.2
241 0.46626984127
242 0.481632653061
243 0.713928571429
244 0.583035714286
245 0.209603174603
246 0.666666666667
247 0.655564451094
248 0.842091836735
249 0.555555555556
250 0.2875
251 0.4
252 0.63489010989
253 0.714710884354
254 0.815714285714
255 0.833035714286
256 0.476020408163
257 0.714285714286
258 0.65306122449
259 0.889652014652
260 0.846577380952
261 0.808588435374
262 0.833333333333
263 0.914032536091
264 0.769494047619
265 0.592361111111
266 0.830357142857
267 0.625
268 0.62
269 0.826666666667
270 0.180873015873
271 0.465327380952
272 0.315476190476
273 0.628199404762
274 0.741666666667
275 0.596626984127
276 0.880555555556
277 0.333333333333
278 0.413888888889
279 0.688888888889
280 0.666666666667
281 0.766666666667
282 0.9
283 0.837820512821
284 0.314285714286
285 0.718864468864
286 0.640714285714
287 0.745604395604
288 0.472222222222
289 0.625
290 0.771875
291 0.9
292 0.533333333333
293 0.763888888889
294 0.840714285714
295 0.655564451094
296 0.644047619048
297 0.25
298 0.733134920635
299 0.380555555556
300 0.847619047619
301 0.364926739927
302 0.766369047619
303 0.741071428571
304 0.8875
305 0.730291005291
306 0.687074829932
307 0.783333333333
308 0.861904761905
309 0.8
310 0.910714285714
311 0.655564451094
312 0.718253968254
313 0.78
314 0.666666666667
315 0.625
316 0.150148809524
317 0.64880952381
318 0.466666666667
319 0.607142857143
320 0.604166666667
321 0.833333333333
322 0.302106227106
323 0.720734126984
324 0.72619047619
325 0.687554112554
326 0.8418997669
327 0.425
328 0.952380952381
329 0.808874458874
330 0.797142857143
331 1.0
332 0.0833333333333
333 0.8
334 0.845535714286
335 0.666666666667
336 0.321349206349
337 0.644897959184
338 0.550595238095
339 0.883333333333
340 0.541666666667
341 0.2
342 0.836734693878
343 0.645352564103
344 0.831818181818
345 0.372023809524
346 0.682993197279
347 0.655564451094
348 0.5
349 0.655564451094
350 0.807142857143
351 0.541666666667
352 0.514285714286
353 0.565476190476
354 0.534375
355 0.638888888889
356 0.674107142857
357 0.780357142857
358 0.651785714286
359 0.698586309524
360 0.778571428571
361 0.7
362 0.18
363 0.599851190476
364 0.785714285714
365 0.869047619048
366 0.814285714286
367 0.75
368 0.756101190476
369 0.386666666667
370 0.688888888889
371 0.833333333333
372 0.552261904762
373 0.666666666667
374 0.467063492063
375 0.583333333333
376 0.811688311688
377 0.793367346939
378 0.629166666667
379 0.846984126984
380 0.555555555556
381 0.778333333333
382 0.776547619048
383 0.794246031746
384 0.826984126984
385 0.761428571429
386 0.142857142857
387 0.74708994709
388 0.724047619048
389 0.547619047619
390 0.214285714286
391 0.854931972789
392 0.68619047619
393 0.724867724868
394 0.503571428571
395 0.65
396 0.330357142857
397 0.514285714286
398 0.669047619048
399 0.747222222222
400 0.727777777778
401 0.598469387755
402 0.834761904762
403 0.200132275132
404 0.723511904762
405 0.904945054945
406 1.0
407 0.863945578231
408 0.714285714286
409 0.536111111111
410 0.589285714286
411 0.75
412 0.619523809524
413 1.0
414 0.866666666667
415 1.0
416 0.639682539683
417 0.757738095238
418 0.680555555556
419 0.843154761905
420 0.9
