1 0.245833333333
2 0.628674247083
3 0.704725829726
4 0.577182539683
5 0.783127289377
6 0.425
7 0.742063492063
8 0.940656565657
9 0.125
10 0.693177655678
11 0.751419413919
12 0.875
13 0.584134615385
14 0.843095238095
15 0.628674247083
16 0.628674247083
17 0.859294871795
18 0.375457875458
19 0.359487179487
20 0.0357142857143
21 0.628674247083
22 0.817624683009
23 0.875
24 0.817261904762
25 0.0825892857143
26 0.628674247083
27 0.283333333333
28 0.628674247083
29 0.628674247083
30 0.628674247083
31 0.66130952381
32 0.868650793651
33 0.798223443223
34 0.709577228327
35 0.890160765161
36 0.570068027211
37 0.833333333333
38 0.697619047619
39 0.628674247083
40 0.625
41 0.855158730159
42 0.9125
43 0.75
44 0.955555555556
45 0.722395197395
46 0.642897842898
47 0.677968559219
48 0.708333333333
49 0.628674247083
50 0.690476190476
51 0.907596371882
52 0.884004884005
53 0.984848484848
54 0.59375
55 0.926020408163
56 0.628674247083
57 0.722725885226
58 0.628674247083
59 0.628674247083
60 0.325
61 0.628674247083
62 0.75
63 0.808760683761
64 0.719413919414
65 0.434523809524
66 0.220238095238
67 0.327777777778
68 0.628674247083
69 0.647513384052
70 0.224107142857
71 0.308333333333
72 0.875
73 0.802083333333
74 0.628674247083
75 0.628674247083
76 0.724450549451
77 0.594387755102
78 0.776334776335
79 0.628674247083
80 0.666666666667
81 0.579270729271
82 0.628674247083
83 0.523174603175
84 0.5
85 0.911458333333
86 0.414102564103
87 0.907596371882
88 0.625
89 0.739226844584
90 0.628674247083
91 0.5
92 0.628674247083
93 0.625
94 0.628674247083
95 0.628674247083
96 0.628674247083
97 0.949134199134
98 0.5
99 0.677579365079
100 0.628674247083
101 0.2
102 1.0
103 0.768818681319
104 0.857142857143
105 0.25
106 0.628674247083
107 0.701816239316
108 0.628674247083
109 0.384615384615
110 0.811492673993
111 0.0178571428571
112 0.635952380952
113 0.750842490842
114 0.628674247083
115 0.875
116 0.628674247083
117 0.802922077922
118 0.628674247083
119 0.739831349206
120 0.178391053391
121 0.319768772894
122 0.628674247083
123 0.628674247083
124 0.204166666667
125 0.628674247083
126 0.75
127 0.628674247083
128 0.769574175824
129 0.658630952381
130 0.628674247083
131 0.628674247083
132 0.628674247083
133 0.628674247083
134 0.25
135 0.25
136 0.628674247083
137 0.628674247083
138 0.616666666667
139 0.41847041847
140 0.768292124542
141 0.0833333333333
142 0.35
143 0.602777777778
144 0.628674247083
145 1.0
146 0.713036963037
147 0.971781305115
148 0.311607142857
149 0.91942800789
150 1.0
151 0.727426739927
152 0.344951923077
153 0.693542568543
154 0.628674247083
155 0.5
156 0.628674247083
157 0.628674247083
158 0.75
159 0.628674247083
160 0.308913308913
