1 0.719877344877
2 0.592857142857
3 0.660450272068
4 0.714285714286
5 0.78373015873
6 0.940656565657
7 0.670634920635
8 0.423076923077
9 0.732993197279
10 0.800595238095
11 0.855555555556
12 0.708049886621
13 0.660450272068
14 0.428571428571
15 0.680555555556
16 0.660450272068
17 0.868650793651
18 0.888888888889
19 0.660450272068
20 0.749206349206
21 0.818310657596
22 0.285714285714
23 0.795351473923
24 0.692176870748
25 0.571428571429
26 0.827380952381
27 0.653273809524
28 0.579081632653
29 0.660450272068
30 0.72380952381
31 0.907596371882
32 0.625396825397
33 1.0
34 0.660450272068
35 0.984848484848
36 0.701636904762
37 0.867155067155
38 0.142857142857
39 0.926020408163
40 0.870701058201
41 0.357142857143
42 0.809841269841
43 0.660450272068
44 0.25
45 0.671296296296
46 0.724867724868
47 0.434523809524
48 0.326923076923
49 1.0
50 0.775396825397
51 0.333333333333
52 0.142857142857
53 0.660450272068
54 0.660450272068
55 0.593537414966
56 0.535714285714
57 0.596031746032
58 0.594387755102
59 0.776334776335
60 0.666666666667
61 0.625396825397
62 0.877777777778
63 0.544642857143
64 0.907596371882
65 0.660450272068
66 0.279761904762
67 0.679421768707
68 0.660450272068
69 0.714285714286
70 0.660450272068
71 0.894510582011
72 0.949134199134
73 0.920634920635
74 0.86933106576
75 0.914032536091
76 0.660450272068
77 0.714285714286
78 0.804988662132
79 0.285714285714
80 0.871428571429
81 0.660450272068
82 0.653344671202
83 0.166666666667
84 0.768849206349
85 0.909722222222
86 0.39880952381
87 0.714285714286
88 0.76066468254
89 0.16323953824
90 0.319768772894
91 0.826984126984
92 0.738662131519
93 0.875
94 0.660450272068
95 0.735863095238
96 0.785997732426
97 0.199047619048
98 0.87925170068
99 0.31746031746
100 0.68244047619
101 0.403318903319
102 0.142857142857
103 0.5
104 0.636111111111
105 0.785430839002
106 0.852182539683
107 0.660450272068
108 0.971781305115
109 0.719841269841
110 0.82029478458
111 0.660450272068
112 0.344951923077
113 0.678391053391
114 0.660450272068
115 0.69126984127
116 0.308913308913
117 0.660450272068
