1 0.62292937539
2 0.666666666667
3 0.52619047619
4 0.62292937539
5 0.694047619048
6 0.5
7 0.62292937539
8 0.333333333333
9 0.579365079365
10 0.579365079365
11 0.58619047619
12 0.62292937539
13 1.0
14 0.184608843537
15 0.857142857143
16 0.62292937539
17 0.75
18 0.7875
19 0.62292937539
20 0.62292937539
21 0.74387755102
22 0.76
23 0.62292937539
24 0.153125
25 0.55
26 0.587698412698
27 0.6375
28 1.0
29 0.625
30 0.366774891775
31 1.0
32 1.0
33 0.62292937539
34 0.933333333333
35 0.62292937539
36 0.7
37 0.716666666667
38 0.125
39 0.625
40 0.62292937539
41 0.62292937539
42 0.651334776335
43 0.25
44 0.62292937539
45 0.750793650794
46 0.62292937539
47 0.311111111111
48 0.528968253968
49 0.509424603175
50 0.5
51 0.62292937539
52 0.62292937539
53 0.725
54 0.669642857143
55 0.62292937539
56 0.583333333333
57 0.8
58 0.705612244898
59 0.75462962963
60 0.166666666667
61 0.661538461538
62 0.652678571429
63 0.8375
64 0.268571428571
65 0.744897959184
66 0.867582417582
67 0.370833333333
68 0.625
69 0.438095238095
70 0.9
71 0.666666666667
72 0.62292937539
73 0.8
74 0.579761904762
75 0.634013605442
76 0.75
77 0.62292937539
78 0.860119047619
79 0.62292937539
80 0.135714285714
81 0.62292937539
82 0.62292937539
83 0.62292937539
84 0.775
85 0.62292937539
86 0.15
87 0.5
88 0.62292937539
89 0.62292937539
90 0.865584415584
91 0.62292937539
92 0.770535714286
93 0.677777777778
94 0.62292937539
95 0.62292937539
96 0.841369047619
97 0.783333333333
98 0.62292937539
99 0.25
100 0.62292937539
101 0.62292937539
102 0.902040816327
103 0.62292937539
104 0.396825396825
105 0.666666666667
106 0.737301587302
107 0.62292937539
108 0.929166666667
109 0.9
110 0.725
111 0.0714285714286
112 0.652636054422
113 0.795535714286
114 0.62292937539
115 0.546296296296
116 0.92
117 0.833333333333
118 0.66994047619
119 0.62292937539
120 0.4
121 0.62292937539
122 0.283333333333
123 0.755555555556
124 0.689761904762
125 0.25625
126 0.630952380952
127 0.92
128 0.854166666667
129 0.877777777778
130 0.62292937539
131 0.706878306878
132 0.661111111111
133 0.645238095238
134 0.314087301587
135 0.875
136 0.633035714286
137 0.05
138 1.0
139 0.2
140 0.811428571429
141 0.166666666667
142 0.9375
143 0.658333333333
144 0.62292937539
145 0.62292937539
146 0.75
147 0.7925
148 0.62292937539
149 0.62292937539
150 0.25
151 0.591964285714
152 0.62292937539
153 0.509615384615
154 0.62292937539
155 0.854166666667
156 0.66626984127
157 0.62292937539
158 0.75
159 0.833333333333
160 0.335714285714
161 0.822916666667
162 0.486734693878
163 0.875793650794
164 0.62292937539
165 0.62292937539
166 1.0
167 0.62292937539
168 0.478174603175
169 0.62292937539
170 0.78125
171 0.810873015873
172 0.62292937539
173 0.874867724868
174 0.416666666667
175 0.62292937539
176 0.833333333333
177 0.5
178 0.477777777778
179 0.62292937539
180 0.8
181 0.762202380952
182 0.847802197802
183 0.266666666667
184 0.2
185 0.866666666667
186 0.75
187 0.62292937539
188 0.5
189 0.7
190 0.25
191 0.650892857143
192 0.559523809524
193 0.692361111111
194 0.62292937539
195 0.62292937539
196 0.62292937539
197 0.6
198 0.612585034014
199 0.837222222222
200 0.478571428571
201 0.555357142857
202 0.191666666667
203 0.62292937539
204 0.62292937539
205 0.733333333333
206 0.387301587302
207 0.563913690476
208 0.583333333333
209 0.62292937539
210 0.398044217687
211 0.5
212 0.62292937539
213 0.893333333333
214 0.653333333333
215 0.538888888889
216 0.413636363636
217 0.9
218 0.62292937539
219 0.755555555556
220 0.111111111111
221 0.62292937539
222 0.5125
223 0.408928571429
224 0.833333333333
225 0.5
226 0.325
227 0.8
228 0.333333333333
229 0.62292937539
230 1.0
231 0.8
232 0.25
233 0.494444444444
234 0.62292937539
235 0.749579831933
236 0.62292937539
237 0.62292937539
238 0.125
239 0.62292937539
240 0.49626984127
241 0.75
242 0.25
243 0.133333333333
244 0.752976190476
245 0.7
246 0.834848484848
247 0.666666666667
248 0.34
249 0.62292937539
250 0.4875
251 0.671715167549
252 0.62292937539
253 0.266666666667
254 0.62292937539
255 0.455555555556
256 0.767857142857
257 0.86
258 0.795918367347
259 0.294642857143
260 0.4
261 0.62292937539
262 0.764682539683
263 0.758035714286
264 0.916666666667
265 0.62292937539
266 0.501282051282
267 0.0357142857143
268 0.62292937539
269 0.86994047619
270 0.4
271 0.866666666667
272 0.62292937539
273 0.7875
274 1.0
275 0.712698412698
276 0.25
277 0.699702380952
278 0.62292937539
279 0.824404761905
280 0.492619047619
281 0.8
282 0.790476190476
283 0.618367346939
284 0.926020408163
285 0.681428571429
286 0.37306547619
287 0.590476190476
288 0.62292937539
289 0.8
290 0.809183673469
291 0.833333333333
292 0.646825396825
293 0.620833333333
294 0.62292937539
295 0.62292937539
296 0.696853741497
297 0.62292937539
298 0.65380952381
299 0.333333333333
300 0.62292937539
301 0.5
302 0.25
303 0.62292937539
304 0.75
305 0.8
306 0.8
307 1.0
308 0.775
309 0.662698412698
310 0.8
311 0.516071428571
312 0.246904761905
313 0.754761904762
314 0.511904761905
315 0.691666666667
316 0.666666666667
317 0.516666666667
318 0.775
319 0.62292937539
320 0.5
321 0.70873015873
322 1.0
323 0.62292937539
324 0.583333333333
325 0.75
326 0.62292937539
327 0.8
328 0.62292937539
329 0.62292937539
330 0.62292937539
331 0.333333333333
332 0.62292937539
333 0.62292937539
334 0.85193452381
335 0.62292937539
336 0.49375
337 0.912012987013
338 0.538988095238
339 0.62292937539
340 0.790476190476
341 1.0
342 0.490476190476
343 0.587662337662
344 0.333333333333
345 0.62292937539
346 0.41
347 0.495238095238
348 0.369047619048
349 0.5
350 0.62292937539
351 0.25
352 0.790833333333
353 0.666666666667
354 0.667857142857
355 0.65
356 0.833333333333
357 0.125
358 0.9
359 0.799744897959
360 0.475
361 0.8675
362 0.65
363 0.7
364 0.666666666667
365 1.0
366 0.560342261905
367 0.691746031746
368 0.62292937539
369 0.666666666667
370 0.658058608059
371 0.833333333333
372 1.0
373 0.62292937539
374 0.62292937539
375 0.137121212121
376 0.62292937539
377 0.76038961039
378 0.62292937539
379 0.758333333333
380 0.5
381 0.6
382 0.709567901235
383 0.783333333333
384 0.372222222222
385 0.801587301587
386 0.780448717949
387 0.559821428571
388 0.6
389 0.5125
390 0.62292937539
391 0.66875
392 0.691666666667
393 0.928571428571
394 0.879761904762
395 1.0
396 0.333333333333
397 0.895833333333
398 0.5
399 1.0
400 0.255634920635
401 0.7
402 0.25
403 0.25
404 0.3
405 0.747732426304
406 0.62292937539
407 0.62292937539
408 0.703075396825
409 0.527777777778
410 0.0666666666667
411 0.833333333333
412 0.388888888889
413 0.196428571429
414 1.0
415 0.725
416 0.335256410256
417 0.471428571429
418 0.847123015873
419 1.0
420 0.846031746032
421 0.196428571429
422 0.133333333333
423 0.62292937539
424 0.62292937539
425 0.85625
426 0.7
427 0.666666666667
428 0.419387755102
429 0.225
430 0.35
431 0.887142857143
432 0.766666666667
433 1.0
434 0.62292937539
435 0.706666666667
436 0.562433862434
437 0.62292937539
438 0.733333333333
439 0.589880952381
440 0.86063034188
441 0.563492063492
442 0.5
443 0.633333333333
444 0.96
445 0.946428571429
446 0.464629120879
447 0.916666666667
448 0.857142857143
449 0.640221216692
450 0.0642857142857
451 0.62292937539
452 0.0952380952381
453 0.714285714286
454 1.0
455 0.662103174603
456 0.651785714286
457 0.62292937539
458 0.290178571429
459 0.722222222222
460 0.871111111111
461 0.62292937539
462 0.114285714286
463 0.666666666667
464 0.744588744589
465 0.850714285714
466 0.05
467 0.759821428571
468 0.554761904762
469 0.62292937539
470 0.166666666667
471 0.633333333333
472 0.166666666667
473 0.510714285714
474 0.495918367347
475 0.710595238095
476 0.62292937539
477 0.857142857143
478 0.62292937539
479 0.595535714286
480 0.75
481 0.200714285714
482 0.228571428571
483 0.55
484 0.842091836735
485 0.4
486 0.62292937539
487 0.62292937539
488 0.5
489 0.3375
490 0.62292937539
491 0.673351648352
492 0.712329931973
493 1.0
494 0.812380952381
495 0.385714285714
496 0.62292937539
497 0.643537414966
498 0.887087912088
499 0.842410714286
500 0.325
501 0.6
502 0.914032536091
503 0.75
504 0.736160714286
505 0.492857142857
506 0.586805555556
507 0.62292937539
508 0.680555555556
509 0.68
510 0.62292937539
511 0.62292937539
512 0.82
513 1.0
514 0.169761904762
515 1.0
516 0.25
517 0.519494047619
518 0.62292937539
519 0.25
520 0.7
521 0.45
522 1.0
523 0.75
524 1.0
525 0.371428571429
526 0.62292937539
527 0.516666666667
528 0.615699404762
529 0.69126984127
530 0.751746031746
531 0.345238095238
532 0.62292937539
533 0.5
534 0.4
535 0.5
536 0.928571428571
537 0.324603174603
538 0.727380952381
539 0.62292937539
540 0.5
541 0.524404761905
542 0.62292937539
543 0.166666666667
544 0.874489795918
545 0.62292937539
546 0.330555555556
547 0.511904761905
548 0.62292937539
549 1.0
550 0.850641025641
551 0.62292937539
552 0.295238095238
553 0.62292937539
554 0.62292937539
555 0.62292937539
556 0.659722222222
557 0.694175824176
558 0.183333333333
559 0.700915750916
560 0.714285714286
561 0.695238095238
562 0.815476190476
563 0.633333333333
564 0.62292937539
565 0.383333333333
566 0.775
567 0.775
568 0.909623015873
569 0.466666666667
570 0.62292937539
571 0.784375
572 0.9
573 0.916666666667
574 0.725
575 0.814047619048
576 0.178571428571
577 0.620714285714
578 0.808095238095
579 0.25
580 0.62292937539
581 0.857142857143
582 1.0
583 0.18125
584 1.0
585 0.75
586 0.62292937539
587 0.397222222222
588 0.352106227106
589 0.62292937539
590 0.726587301587
591 0.62292937539
592 0.771825396825
593 0.62292937539
594 0.716666666667
595 0.2
596 0.25
597 0.84652014652
598 0.25
599 0.62292937539
600 0.733333333333
601 0.62292937539
602 0.879411764706
603 0.108482142857
604 0.842857142857
605 0.62292937539
606 0.804166666667
607 0.5875
608 0.702777777778
609 0.4
610 0.583333333333
611 0.1
612 0.928571428571
613 0.75
614 0.25
615 0.62292937539
616 0.25
617 0.6875
618 0.825
619 0.253388278388
620 0.62292937539
621 0.830952380952
622 0.62292937539
623 0.62292937539
624 0.70119047619
625 0.775
626 0.742956349206
627 0.582653061224
628 0.699675324675
629 0.75
630 0.377380952381
631 0.796642246642
632 0.824025974026
633 0.532142857143
634 0.827142857143
635 0.525
636 0.666666666667
637 0.15
638 0.25
639 0.857142857143
640 0.72
641 0.795535714286
642 0.91875
643 0.305793650794
644 0.1
645 0.511706349206
646 0.2
647 1.0
648 0.444761904762
649 0.400952380952
650 0.883333333333
651 0.62292937539
652 0.461772486772
653 0.71
654 0.836734693878
655 0.8
656 0.662019230769
657 0.9
658 0.730612244898
659 0.62292937539
660 0.377777777778
661 0.640476190476
662 0.816071428571
663 0.375
664 0.62292937539
665 0.65
666 0.654662698413
667 0.5
668 0.875
669 0.730357142857
670 0.75
671 0.25
672 0.45
673 0.25
674 0.62292937539
675 0.5
676 0.607142857143
677 0.8
678 0.138888888889
679 0.633333333333
680 1.0
681 0.62292937539
682 0.186666666667
683 0.597767857143
684 0.446428571429
685 0.62292937539
686 0.842857142857
687 0.503125
688 0.625
689 0.671428571429
690 0.25
691 0.797767857143
692 0.8625
693 0.644444444444
694 0.142857142857
695 0.907142857143
696 0.6
697 0.211507936508
698 0.666666666667
699 0.875
700 1.0
701 0.533333333333
702 0.825
703 0.62292937539
704 0.447063492063
705 0.64
706 0.45
707 0.775324675325
708 0.564285714286
709 0.779081632653
710 0.121428571429
711 0.708333333333
712 0.5625
713 0.62292937539
714 0.858095238095
715 0.59126984127
716 0.731944444444
717 0.634920634921
718 0.647028897029
719 0.5
720 0.771666666667
721 0.842151675485
722 0.753214285714
723 0.33869047619
724 0.375
725 0.813650793651
726 1.0
727 0.702645502646
728 0.2
729 0.740714285714
730 0.62292937539
731 0.666666666667
732 0.166666666667
733 0.62292937539
734 0.790476190476
735 0.61875
736 0.892857142857
737 0.5
738 1.0
739 0.62292937539
740 0.62292937539
741 0.25
742 0.826360544218
743 0.662857142857
744 0.724867724868
745 0.5
746 0.603571428571
747 1.0
748 1.0
749 0.8
750 0.675
751 0.773469387755
752 0.793571428571
753 0.65
754 0.5
755 0.6
756 0.741666666667
757 0.62292937539
758 0.475
759 0.915201465201
760 0.743269230769
761 0.85
762 0.6
763 0.675
764 0.845535714286
765 0.75
766 0.8
767 0.712857142857
768 0.62292937539
769 0.732653061224
770 1.0
771 0.9
772 0.474489795918
773 0.713888888889
774 0.62292937539
775 0.851488095238
776 0.1
