1 0.7553495116
2 0.676510989011
3 0.751419413919
4 0.826428571429
5 0.765740740741
6 0.875961538462
7 0.674358974359
8 0.375457875458
9 0.492820512821
10 0.0357142857143
11 0.833333333333
12 0.5
13 0.804804170189
14 0.430555555556
15 0.0825892857143
16 0.609072277304
17 0.511103479853
18 0.627976190476
19 0.723466117216
20 0.76489010989
21 0.609072277304
22 0.8125
23 0.472928113553
24 0.890160765161
25 0.546258503401
26 0.392857142857
27 0.660582010582
28 0.277777777778
29 0.730026455026
30 0.609072277304
31 0.609072277304
32 0.833333333333
33 0.929166666667
34 0.937037037037
35 0.624379324379
36 0.636301892552
37 0.609072277304
38 0.609072277304
39 0.609072277304
40 0.828449328449
41 0.5
42 0.609072277304
43 0.677083333333
44 0.609072277304
45 0.722725885226
46 0.412698412698
47 0.634722222222
48 0.125
49 0.609072277304
50 0.609072277304
51 0.808760683761
52 0.609072277304
53 0.752747252747
54 0.410714285714
55 0.220238095238
56 0.136904761905
57 0.872767857143
58 0.361111111111
59 0.24358974359
60 0.698795435334
61 0.24494047619
62 0.166666666667
63 0.609072277304
64 0.802083333333
65 0.724450549451
66 0.702380952381
67 0.666666666667
68 0.714675495445
69 0.486172161172
70 0.333333333333
71 0.529304029304
72 0.609072277304
73 1.0
74 0.564119214119
75 0.29310570382
76 0.609072277304
77 0.609072277304
78 0.911458333333
79 0.609072277304
80 0.751131606489
81 0.888408119658
82 0.196428571429
83 0.455357142857
84 0.727261904762
85 0.609072277304
86 0.609072277304
87 0.609072277304
88 0.609072277304
89 0.609072277304
90 0.796596459096
91 0.857142857143
92 0.609072277304
93 0.25
94 0.811492673993
95 0.0555555555556
96 0.635952380952
97 0.895734126984
98 0.767509157509
99 0.609072277304
100 0.787770562771
101 0.609072277304
102 0.864316239316
103 0.609072277304
104 0.232142857143
105 0.316666666667
106 0.786666666667
107 0.29893543956
108 0.688888888889
109 0.609072277304
110 0.800466853408
111 0.810531135531
112 0.609072277304
113 0.519047619048
114 0.609072277304
115 0.9
116 0.609072277304
117 0.783463064713
118 0.679464285714
119 0.165714285714
120 0.609072277304
121 0.492063492063
122 0.31746031746
123 0.686086309524
124 0.609072277304
125 0.768292124542
126 0.609072277304
127 0.925
128 0.609072277304
129 0.609072277304
130 0.662901912902
131 0.728188478188
132 0.290773809524
133 0.91942800789
134 0.71076007326
135 0.386618589744
136 0.609072277304
137 0.814761904762
138 0.88956043956
139 0.622448979592
