1 0.666666666667
2 0.142857142857
3 0.787857142857
4 0.551587301587
5 1.0
6 0.579365079365
7 0.933333333333
8 0.428571428571
9 0.196513605442
10 0.732380952381
11 0.196428571429
12 0.584355512324
13 0.584355512324
14 0.285714285714
15 0.74387755102
16 0.584355512324
17 0.696666666667
18 0.716666666667
19 0.285714285714
20 0.285714285714
21 1.0
22 0.351623376623
23 0.718650793651
24 0.55
25 0.584355512324
26 0.584355512324
27 0.674404761905
28 0.761904761905
29 0.584355512324
30 0.428571428571
31 0.428571428571
32 0.56498015873
33 0.759848484848
34 0.638888888889
35 0.776851851852
36 0.267857142857
37 0.584355512324
38 0.56130952381
39 0.47619047619
40 0.880402930403
41 0.857142857143
42 0.428571428571
43 1.0
44 0.583333333333
45 0.142857142857
46 0.891666666667
47 0.6
48 0.285714285714
49 0.964285714286
50 0.428571428571
51 0.127655677656
52 0.8
53 0.709523809524
54 0.733333333333
55 0.584355512324
56 0.242857142857
57 0.82748015873
58 0.584355512324
59 0.584355512324
60 0.758418367347
61 0.690476190476
62 0.857142857143
63 0.558333333333
64 0.6875
65 0.584355512324
66 1.0
67 0.584355512324
68 0.527777777778
69 0.659523809524
70 0.571428571429
71 0.7875
72 0.854166666667
73 0.653571428571
74 0.584355512324
75 0.764285714286
76 0.833333333333
77 0.430357142857
78 0.877777777778
79 0.706878306878
80 0.589682539683
81 0.657653061224
82 0.785714285714
83 0.6375
84 0.666666666667
85 0.584355512324
86 0.640909090909
87 0.658333333333
88 0.392857142857
89 0.584355512324
90 0.710497835498
91 0.75
92 0.514087301587
93 1.0
94 0.862755102041
95 0.0642857142857
96 0.584355512324
97 0.616666666667
98 0.78125
99 0.799761904762
100 0.702380952381
101 0.412698412698
102 0.642857142857
103 0.584355512324
104 0.533333333333
105 0.584355512324
106 0.584355512324
107 1.0
108 0.720146520147
109 1.0
110 0.571428571429
111 0.482142857143
112 0.855952380952
113 0.642857142857
114 0.584355512324
115 0.584355512324
116 0.575
117 0.584355512324
118 0.578571428571
119 0.810714285714
120 0.428571428571
121 0.568452380952
122 0.238095238095
123 0.584355512324
124 0.58474702381
125 0.386139455782
126 0.428571428571
127 0.584355512324
128 0.584355512324
129 0.37619047619
130 0.572222222222
131 0.584355512324
132 0.293197278912
133 0.571428571429
134 0.755555555556
135 0.584355512324
136 0.833333333333
137 0.584355512324
138 0.584355512324
139 0.571428571429
140 0.166666666667
141 0.584355512324
142 0.605555555556
143 0.759383753501
144 0.80873015873
145 0.692857142857
146 0.584355512324
147 0.584355512324
148 0.584355512324
149 0.208333333333
150 0.584355512324
151 0.752976190476
152 0.314285714286
153 1.0
154 0.714285714286
155 0.714285714286
156 0.595238095238
157 0.285714285714
158 0.344444444444
159 0.15612244898
160 0.72619047619
161 0.809821428571
162 0.820238095238
163 0.488461538462
164 0.708333333333
165 0.490816326531
166 0.666666666667
167 0.584355512324
168 0.285714285714
169 0.866071428571
170 0.584355512324
171 0.142857142857
172 0.814285714286
173 0.584355512324
174 0.642857142857
175 0.937925170068
176 0.916666666667
177 1.0
178 1.0
179 0.704464285714
180 0.702380952381
181 0.285714285714
182 0.285714285714
183 1.0
184 0.720663265306
185 0.584355512324
186 0.627976190476
187 0.584355512324
188 1.0
189 0.428571428571
190 0.6
191 0.5
192 0.285714285714
193 0.584355512324
194 0.662698412698
195 0.584355512324
196 0.442857142857
197 0.786011904762
198 0.539682539683
199 0.833333333333
200 0.584355512324
201 0.572222222222
202 0.142857142857
203 0.142857142857
204 0.666666666667
205 0.571428571429
206 0.428571428571
207 0.895476190476
208 1.0
209 0.584355512324
210 0.142857142857
211 0.584355512324
212 0.142857142857
213 0.571428571429
214 0.6
215 0.714285714286
216 0.428571428571
217 0.519642857143
218 0.416666666667
219 0.428571428571
220 0.584355512324
221 0.584355512324
222 0.571428571429
223 0.776785714286
224 0.584355512324
225 0.553571428571
226 0.785714285714
227 1.0
228 0.75
229 0.833333333333
230 0.835459183673
231 0.723958333333
232 0.584355512324
233 0.666666666667
234 0.715909090909
235 0.571428571429
236 0.285714285714
237 0.95
238 0.560342261905
239 0.603113553114
240 0.680634920635
241 0.666666666667
242 0.6836996337
243 0.166666666667
244 0.873076923077
245 0.771693121693
246 0.790692640693
247 0.25
248 0.742857142857
249 0.252619047619
250 0.584355512324
251 0.746592098378
252 0.621428571429
253 0.584355512324
254 0.571428571429
255 0.775
256 0.605
257 0.584355512324
258 0.171428571429
259 0.584355512324
260 0.8125
261 0.714675495445
262 0.233412698413
263 0.666666666667
264 0.767857142857
265 0.410714285714
266 0.795351473923
267 0.675297619048
268 0.584355512324
269 0.527777777778
270 0.333333333333
271 0.584355512324
272 0.166666666667
273 0.571428571429
274 0.346153846154
275 0.584355512324
276 0.584355512324
277 0.535714285714
278 0.511904761905
279 0.68253968254
280 0.584355512324
281 0.887142857143
282 0.584355512324
283 0.5
284 0.584355512324
285 0.589880952381
286 0.584355512324
287 0.535714285714
288 0.428571428571
289 0.815476190476
290 0.714285714286
291 0.0952380952381
292 0.634325396825
293 0.714285714286
294 0.702747252747
295 0.584355512324
296 0.5
297 0.871111111111
298 0.395238095238
299 0.5
300 0.584355512324
301 0.770634920635
302 0.559523809524
303 0.584355512324
304 0.166666666667
305 0.5
306 0.584355512324
307 0.428571428571
308 0.584355512324
309 0.428571428571
310 0.55
311 0.894345238095
312 0.714285714286
313 0.673351648352
314 0.584355512324
315 0.857142857143
316 0.724234693878
317 0.584355512324
318 0.428571428571
319 0.584355512324
320 0.808035714286
321 0.459353741497
322 0.595918367347
323 0.874267399267
324 0.765731292517
325 0.142857142857
326 0.125
327 0.584355512324
328 0.584355512324
329 0.584355512324
330 0.584355512324
331 0.180873015873
332 0.410714285714
333 0.714285714286
334 0.282142857143
335 0.584355512324
336 0.584355512324
337 0.428571428571
338 0.183333333333
339 0.357142857143
340 0.785714285714
341 0.740634920635
342 0.345238095238
343 0.666666666667
344 0.2
345 0.763095238095
346 0.142857142857
347 0.584355512324
348 0.874489795918
349 0.666666666667
350 0.928571428571
351 0.456349206349
352 0.62
353 0.542857142857
354 0.285714285714
355 0.584355512324
356 0.863461538462
357 0.280952380952
358 0.103174603175
359 0.285714285714
360 0.713736263736
361 0.584355512324
362 0.661904761905
363 0.584355512324
364 0.755860805861
365 0.584355512324
366 0.584355512324
367 0.584355512324
368 0.142857142857
369 0.857142857143
370 0.847380952381
371 0.142857142857
372 0.531746031746
373 0.584355512324
374 0.842207792208
375 0.238095238095
376 0.78869047619
377 0.584355512324
378 0.914285714286
379 0.352106227106
380 0.25
381 0.799603174603
382 0.70612244898
383 0.859340659341
384 0.584355512324
385 0.824404761905
386 0.25
387 0.584355512324
388 0.807142857143
389 0.75
390 0.800466853408
391 1.0
392 0.714285714286
393 0.707142857143
394 0.5
395 0.269841269841
396 0.626984126984
397 0.571428571429
398 0.317490842491
399 0.584355512324
400 0.559523809524
401 0.659523809524
402 0.729067460317
403 0.659523809524
404 0.861111111111
405 0.584355512324
406 0.532142857143
407 0.810476190476
408 0.584355512324
409 0.142857142857
410 0.584355512324
411 0.584355512324
412 0.5
413 0.428571428571
414 0.0625
415 0.9
416 0.584355512324
417 0.425
418 0.492857142857
419 0.142857142857
420 0.328015873016
421 0.539484126984
422 0.428571428571
423 0.491666666667
424 0.142857142857
425 0.857142857143
426 0.584355512324
427 0.216666666667
428 0.732142857143
429 0.430357142857
430 0.694897959184
431 0.584355512324
432 0.208333333333
433 0.142857142857
434 0.4
435 0.25
436 0.428571428571
437 0.707142857143
438 0.515625
439 0.683333333333
440 0.785714285714
441 0.664285714286
442 0.809523809524
443 0.833333333333
444 0.584355512324
445 0.785714285714
446 0.714285714286
447 0.511111111111
448 0.551587301587
449 0.138888888889
450 0.142857142857
451 1.0
452 0.584355512324
453 0.8
454 1.0
455 0.285714285714
456 0.60818452381
457 0.77619047619
458 0.428571428571
459 0.380952380952
460 0.910714285714
461 0.584355512324
462 0.428571428571
463 0.571428571429
464 0.25
465 0.666666666667
466 0.45
467 0.584355512324
468 0.41373015873
469 0.2
470 0.805627705628
471 0.584355512324
472 0.584355512324
473 0.875
474 0.584355512324
475 0.5
476 0.634920634921
477 0.584355512324
478 0.639092389092
479 0.75
480 0.822023809524
481 0.835873015873
482 0.781428571429
483 0.303571428571
484 1.0
485 0.514285714286
486 0.666666666667
487 0.103174603175
488 0.425
489 0.69619047619
490 0.355357142857
491 0.681168831169
492 0.714285714286
493 0.242063492063
494 0.647222222222
495 0.648511904762
496 0.5
497 0.804682539683
498 0.166666666667
499 0.571428571429
500 0.568452380952
501 0.584355512324
502 0.185317460317
503 0.740178571429
504 0.88956043956
505 0.171428571429
506 0.4
507 0.339285714286
508 0.830612244898
509 0.571428571429
510 0.584355512324
511 0.584355512324
512 0.325396825397
513 0.285714285714
514 0.702380952381
515 0.584355512324
516 0.584355512324
517 0.584355512324
518 0.142857142857
519 0.853333333333
520 0.142857142857
521 0.687830687831
522 0.778571428571
523 0.584355512324
524 0.882738095238
525 0.584355512324
526 0.571428571429
