1 0.845238095238
2 0.549404761905
3 0.789010989011
4 0.681637806638
5 0.826428571429
6 0.333333333333
7 0.75462962963
8 0.573717948718
9 0.0357142857143
10 0.875
11 0.611111111111
12 0.52380952381
13 0.804804170189
14 0.645833333333
15 0.0825892857143
16 0.722222222222
17 0.375
18 0.511103479853
19 0.755555555556
20 0.217261904762
21 0.576636904762
22 0.781556776557
23 0.577588059818
24 0.604166666667
25 0.546258503401
26 0.893386243386
27 0.366832010582
28 0.25
29 0.692361111111
30 0.670238095238
31 0.820555555556
32 0.684761904762
33 0.142857142857
34 0.845238095238
35 0.333333333333
36 0.166666666667
37 0.708333333333
38 0.361111111111
39 0.264957264957
40 0.65319664903
41 0.659391534392
42 0.866071428571
43 0.577588059818
44 0.813888888889
45 0.676388888889
46 0.780982905983
47 0.315476190476
48 0.831101190476
49 0.821428571429
50 0.327777777778
51 0.166666666667
52 0.673154409693
53 0.744791666667
54 0.224107142857
55 0.594444444444
56 0.3125
57 0.308333333333
58 0.0416666666667
59 0.927083333333
60 0.758496860283
61 0.709567901235
62 0.714675495445
63 0.456760396466
64 0.612637362637
65 0.29310570382
66 0.0833333333333
67 0.861011904762
68 0.472222222222
69 0.166666666667
70 0.414102564103
71 0.25
72 0.739226844584
73 0.846741452991
74 0.238095238095
75 0.640221216692
76 0.486111111111
77 0.577588059818
78 0.733134920635
79 0.263888888889
80 0.852678571429
81 0.416666666667
82 0.833333333333
83 0.5
84 0.812380952381
85 1.0
86 0.92383645766
87 0.875
88 0.768818681319
89 0.577588059818
90 0.577588059818
91 0.291666666667
92 0.646260683761
93 0.375
94 0.5
95 0.5
96 0.3
97 0.577588059818
98 0.828159340659
99 0.694444444444
100 0.0178571428571
101 0.666666666667
102 0.685952380952
103 0.909623015873
104 0.875
105 0.611111111111
106 0.25
107 0.166666666667
108 0.504006410256
109 0.762202380952
110 0.782738095238
111 0.440476190476
112 0.302083333333
113 0.934523809524
114 0.879411764706
115 0.688888888889
116 0.790662931839
117 0.577588059818
118 0.166666666667
119 0.82442002442
120 0.577588059818
121 0.370833333333
122 0.642857142857
123 0.82
124 0.883333333333
125 0.577588059818
126 0.489880952381
127 0.819444444444
128 0.654662698413
129 0.816666666667
130 0.668154761905
131 0.69650297619
132 0.577588059818
133 0.0833333333333
134 0.166666666667
135 0.577588059818
136 0.577588059818
137 0.639092389092
138 0.166666666667
139 0.835873015873
140 0.290773809524
141 0.91942800789
142 0.333333333333
143 0.833333333333
144 0.831428571429
145 0.88956043956
146 0.666666666667
147 0.670068027211
148 0.577588059818
149 0.285103785104
