1 0.787857142857
2 0.599681486626
3 0.62
4 0.48619047619
5 0.655555555556
6 0.7
7 0.184608843537
8 0.25
9 0.665714285714
10 0.841558441558
11 0.375
12 0.6
13 0.5
14 0.76768707483
15 0.4
16 0.599681486626
17 0.25
18 0.464285714286
19 0.783333333333
20 0.441666666667
21 0.5
22 0.75
23 0.663333333333
24 0.532142857143
25 0.381926406926
26 0.225
27 0.599681486626
28 0.672222222222
29 0.663095238095
30 0.599681486626
31 0.208333333333
32 0.8
33 0.9
34 0.38
35 0.599681486626
36 0.1375
37 0.591071428571
38 0.477777777778
39 0.528968253968
40 0.599681486626
41 0.25
42 0.5
43 0.452380952381
44 0.683333333333
45 0.752976190476
46 0.744696969697
47 0.423214285714
48 0.166666666667
49 0.5
50 0.661538461538
51 0.599681486626
52 0.847023809524
53 0.590178571429
54 0.5375
55 0.142857142857
56 0.841941391941
57 0.370833333333
58 0.628571428571
59 0.416666666667
60 0.714285714286
61 0.635317460317
62 0.681632653061
63 0.599681486626
64 0.559523809524
65 0.805357142857
66 0.818452380952
67 0.599681486626
68 0.233333333333
69 0.839285714286
70 0.599681486626
71 0.599681486626
72 0.114835164835
73 0.599681486626
74 0.75119047619
75 0.599681486626
76 0.599681486626
77 1.0
78 0.4
79 0.82748015873
80 0.746513605442
81 0.579365079365
82 0.8
83 0.599681486626
84 0.878231292517
85 0.5625
86 0.737301587302
87 0.929166666667
88 0.680555555556
89 0.652636054422
90 0.5
91 0.566666666667
92 0.659523809524
93 1.0
94 0.770833333333
95 0.689761904762
96 0.599681486626
97 0.769047619048
98 0.82
99 0.8125
100 0.599681486626
101 0.430357142857
102 0.575
103 0.725396825397
104 0.599681486626
105 0.55
106 0.813492063492
107 0.599681486626
108 0.610034013605
109 0.327976190476
110 0.8
111 0.610606060606
112 0.644444444444
113 0.5
114 0.833333333333
115 0.1625
116 0.75
117 0.680194805195
118 0.509615384615
119 0.8
120 0.770833333333
121 0.669047619048
122 0.527976190476
123 0.711904761905
124 0.335714285714
125 0.75
126 0.822916666667
127 0.65
128 0.850850340136
129 0.047619047619
130 0.5
131 0.799761904762
132 0.5
133 0.369047619048
134 0.599681486626
135 0.412142857143
136 0.468253968254
137 0.874867724868
138 0.166666666667
139 0.666666666667
140 0.599681486626
141 0.762202380952
142 0.834981684982
143 0.95
144 0.225
145 0.875
146 0.599681486626
147 0.175
148 0.707326007326
149 0.5
150 0.3
151 0.47619047619
152 0.599681486626
153 0.25
154 0.75
155 0.75
156 0.588775510204
157 0.860714285714
158 0.79880952381
159 0.485119047619
160 0.404761904762
161 0.65
162 0.331746031746
163 0.543080357143
164 0.599681486626
165 0.475
166 0.2
167 0.893333333333
168 0.686666666667
169 0.738095238095
170 0.65
171 0.398484848485
172 0.269387755102
173 0.599681486626
174 0.599681486626
175 0.429166666667
176 0.75
177 1.0
178 0.75
179 0.749579831933
180 0.485714285714
181 0.753174603175
182 0.783333333333
183 0.474047619048
184 0.166666666667
185 0.208333333333
186 0.4
187 0.5
188 0.834848484848
189 0.604545454545
190 1.0
191 0.630357142857
192 0.183333333333
193 0.884126984127
194 0.809821428571
195 0.867142857143
196 0.728571428571
197 0.475
198 0.45
199 0.791666666667
200 0.851428571429
201 0.856051587302
202 0.755555555556
203 0.573660714286
204 0.25
205 0.55
206 1.0
207 0.589285714286
208 0.762202380952
209 0.649702380952
210 0.425952380952
211 0.571428571429
212 0.599681486626
213 0.344897959184
214 0.937925170068
215 0.916666666667
216 0.316071428571
217 0.714761904762
218 0.599681486626
219 0.612142857143
220 0.75
221 0.331398809524
222 0.464285714286
223 0.5
224 0.599681486626
225 0.809183673469
226 0.75
227 0.676686507937
228 0.599681486626
229 0.79873015873
230 0.5
231 0.696853741497
232 0.65380952381
233 0.502976190476
234 0.599681486626
235 0.83
236 0.660714285714
237 1.0
238 0.599681486626
239 0.765178571429
240 0.213571428571
241 0.65
242 0.478571428571
243 0.6
244 0.4
245 0.9
246 0.599681486626
247 0.823511904762
248 0.75
249 0.599681486626
250 0.862142857143
251 0.599681486626
252 0.663461538462
253 1.0
254 0.559821428571
255 0.5
256 0.85625
257 0.4
258 0.599681486626
259 0.766666666667
260 0.75
261 0.25
262 0.361111111111
263 0.599681486626
264 0.46164021164
265 1.0
266 0.675
267 1.0
268 0.774166666667
269 0.5
270 0.4
271 0.8675
272 0.599681486626
273 0.565476190476
274 0.679166666667
275 0.599681486626
276 0.866666666667
277 0.604761904762
278 0.539508928571
279 0.603113553114
280 0.658058608059
281 0.25
282 0.760714285714
283 0.834615384615
284 0.12196969697
285 0.599681486626
286 0.2
287 0.235952380952
288 0.734687336473
289 0.746296296296
290 0.205555555556
291 0.801587301587
292 0.599681486626
293 0.599681486626
294 0.622321428571
295 0.233333333333
296 0.166666666667
297 0.66875
298 0.6
299 0.879761904762
300 0.166666666667
301 0.495976082741
302 0.1
303 0.255634920635
304 0.599681486626
305 0.599681486626
306 0.771541950113
307 0.599681486626
308 0.871428571429
309 0.689186507937
310 0.142857142857
311 0.75
312 0.599681486626
313 1.0
314 0.6625
315 0.675
316 0.39375
317 0.535714285714
318 0.515873015873
319 0.692857142857
320 0.75
321 0.6
322 0.74
323 0.2
324 0.525396825397
325 0.616666666667
326 0.666666666667
327 0.96
328 0.613888888889
329 0.599681486626
330 0.947916666667
331 0.0642857142857
332 0.25
333 0.75
334 0.599681486626
335 0.933333333333
336 0.935714285714
337 0.599681486626
338 0.634325396825
339 0.838095238095
340 0.38125
341 0.391666666667
342 0.677106227106
343 0.5
344 0.599681486626
345 0.555555555556
346 0.893333333333
347 0.666666666667
348 0.225
349 0.853968253968
350 0.599681486626
351 0.47619047619
352 0.744588744589
353 0.599681486626
354 0.85
355 1.0
356 1.0
357 0.599681486626
358 0.368650793651
359 0.633333333333
360 0.399603174603
361 0.375
362 0.189603174603
363 1.0
364 0.599681486626
365 0.842091836735
366 0.225
367 0.233333333333
368 0.599681486626
369 0.599681486626
370 0.63489010989
371 0.599681486626
372 0.933333333333
373 0.724234693878
374 0.599681486626
375 0.4
376 0.599681486626
377 0.808035714286
378 0.471258503401
379 0.5
380 0.619727891156
381 0.874267399267
382 0.599681486626
383 0.789540816327
384 0.857142857143
385 0.586805555556
386 0.652777777778
387 0.714285714286
388 0.567857142857
389 0.180873015873
390 0.519494047619
391 0.240476190476
392 0.75
393 1.0
394 0.457142857143
395 1.0
396 0.599681486626
397 0.27380952381
398 0.626116071429
399 0.719047619048
400 0.751746031746
401 0.928571428571
402 0.269047619048
403 0.739285714286
404 0.836111111111
405 0.866666666667
406 0.599681486626
407 0.275
408 0.599681486626
409 0.599681486626
410 0.586666666667
411 0.863461538462
412 0.599681486626
413 0.599681486626
414 0.147619047619
415 0.599681486626
416 0.103174603175
417 0.125
418 0.604166666667
419 0.475
420 0.216666666667
421 0.599681486626
422 0.713736263736
423 0.25
424 0.630714285714
425 0.74304029304
426 0.599681486626
427 0.3875
428 0.599681486626
429 0.5
430 0.599681486626
431 0.711428571429
432 0.25
433 0.5
434 0.75
435 0.75625
436 0.828571428571
437 0.8
438 0.808095238095
439 0.75
440 0.47619047619
441 0.599681486626
442 0.599681486626
443 0.321428571429
444 0.587751831502
445 0.733134920635
446 0.875
447 0.125
448 0.425
449 0.8
450 0.75
451 0.527777777778
452 0.847619047619
453 0.658503401361
454 0.5
455 0.753333333333
456 0.75
457 0.824404761905
458 0.580357142857
459 0.507142857143
460 0.75
461 0.544285714286
462 0.75
463 0.525
464 0.879411764706
465 0.5
466 1.0
467 0.845833333333
468 0.875
469 0.875
470 0.625
471 0.780859010271
472 1.0
473 0.5
474 0.269841269841
475 0.133333333333
476 0.738095238095
477 0.253388278388
478 0.789285714286
479 0.599681486626
480 0.599681486626
481 0.47619047619
482 0.75
483 0.70128968254
484 0.512857142857
485 0.571428571429
486 0.599681486626
487 0.659523809524
488 0.25
489 0.669372294372
490 0.861111111111
491 0.329761904762
492 0.599681486626
493 0.595238095238
494 0.72619047619
495 0.808874458874
496 0.599681486626
497 0.5
498 0.5
499 0.370634920635
500 0.79380952381
501 0.25
502 0.599681486626
503 0.877083333333
504 0.305793650794
505 0.6875
506 0.599681486626
507 0.25
508 0.367619047619
509 0.444761904762
510 0.5
511 0.491666666667
512 0.443253968254
513 0.125
514 0.85
515 0.599681486626
516 1.0
517 0.64880952381
518 0.7125
519 0.813636363636
520 0.706802721088
521 0.410714285714
522 0.208333333333
523 0.333333333333
524 0.25
525 0.377777777778
526 0.599681486626
527 0.4
528 0.3
529 0.522142857143
530 0.484375
531 0.640773809524
532 0.375
533 0.641666666667
534 0.698412698413
535 0.933333333333
536 0.599681486626
537 0.8
538 0.785714285714
539 0.75
540 0.455555555556
541 0.35
542 0.3
543 0.542857142857
544 0.599681486626
545 0.599681486626
546 0.5
547 0.153333333333
548 0.597767857143
549 0.919642857143
550 0.821428571429
551 1.0
552 0.547619047619
553 0.719047619048
554 0.869047619048
555 0.785714285714
556 0.7
557 0.8625
558 0.3
559 0.7
560 0.333333333333
561 0.18373015873
562 0.625
563 0.533928571429
564 0.528928571429
565 0.466666666667
566 0.435952380952
567 0.619047619048
568 0.599681486626
569 1.0
570 0.790476190476
571 0.663392857143
572 0.779081632653
573 0.599681486626
574 0.535714285714
575 0.846984126984
576 0.731944444444
577 0.25
578 1.0
579 0.771666666667
580 0.33869047619
581 0.375
582 0.794246031746
583 0.835873015873
584 0.781428571429
585 0.345238095238
586 0.739682539683
587 0.774047619048
588 0.5
589 0.166666666667
590 0.577083333333
591 0.792857142857
592 1.0
593 0.75
594 0.15873015873
595 0.599681486626
596 0.838265306122
597 0.64619047619
598 0.761904761905
599 0.75
600 0.742857142857
601 0.130952380952
602 0.25
603 0.55
604 0.599681486626
605 0.690178571429
606 0.5
607 0.793571428571
608 0.35
609 0.5
610 0.166666666667
611 0.45
612 0.708333333333
613 0.6
614 0.568452380952
615 0.222354497354
616 0.698511904762
617 0.45
618 0.525
619 0.380952380952
620 0.619047619048
621 0.65
622 0.933333333333
623 0.853333333333
624 0.613756613757
625 0.572857142857
626 0.830654761905
