1 0.54
2 0.707936507937
3 0.33
4 0.196513605442
5 0.789010989011
6 0.732467532468
7 0.783333333333
8 0.864285714286
9 0.666666666667
10 0.670499957661
11 0.827210884354
12 0.86
13 0.173958333333
14 0.7875
15 0.825
16 0.587698412698
17 0.829591836735
18 0.339285714286
19 0.875
20 0.7
21 0.74375
22 0.683333333333
23 0.775
24 0.391964285714
25 0.7625
26 0.670499957661
27 0.88869047619
28 0.683928571429
29 0.579166666667
30 0.7875
31 0.709183673469
32 0.861172161172
33 0.666666666667
34 0.535317460317
35 0.814285714286
36 0.78
37 0.73869047619
38 0.127655677656
39 0.683333333333
40 0.752380952381
41 0.848313492063
42 0.8125
43 0.746513605442
44 0.817261904762
45 0.69
46 0.396825396825
47 0.708333333333
48 0.518518518519
49 0.65431547619
50 0.804166666667
51 0.723095238095
52 0.709126984127
53 0.82
54 0.8125
55 0.734656084656
56 0.610034013605
57 0.673015873016
58 0.355753968254
59 0.819761904762
60 0.895833333333
61 0.678787878788
62 0.591964285714
63 0.710497835498
64 0.670499957661
65 0.447115384615
66 0.619230769231
67 0.694047619048
68 0.441666666667
69 0.597420634921
70 0.775
71 0.850850340136
72 0.566666666667
73 0.441137566138
74 0.8125
75 0.8
76 0.873443223443
77 0.75
78 0.916666666667
79 0.846875
80 0.838888888889
81 0.305357142857
82 0.359887566138
83 0.775892857143
84 0.75
85 0.662662337662
86 0.842063492063
87 0.866666666667
88 0.4
89 0.896428571429
90 0.18112244898
91 0.574330357143
92 0.409948979592
93 0.91
94 0.758928571429
95 0.37619047619
96 0.544444444444
97 0.421212121212
98 0.754481792717
99 0.479603174603
100 0.833333333333
101 0.59
102 1.0
103 0.36875
104 0.406666666667
105 0.671715167549
106 0.583333333333
107 0.884126984127
108 0.831632653061
109 0.826666666667
110 0.764682539683
111 0.716369047619
112 0.91
113 0.45
114 0.897718253968
115 0.69
116 0.88125
117 0.8
118 0.67748015873
119 0.375
120 0.618367346939
121 0.662142857143
122 0.6125
123 0.320982142857
124 0.806944444444
125 0.227551020408
126 0.79873015873
127 0.613888888889
128 0.732568027211
129 0.886734693878
130 0.766326530612
131 0.670499957661
132 0.825714285714
133 0.875
134 0.816666666667
135 0.670499957661
136 0.670499957661
137 0.246904761905
138 0.770386904762
139 0.872222222222
140 0.14
141 0.844345238095
142 0.420238095238
143 0.8125
144 0.4625
145 0.701923076923
146 0.601488095238
147 0.742857142857
148 0.8875
149 0.602813852814
150 0.46
151 0.8675
152 0.700757575758
153 0.734722222222
154 1.0
155 0.575967261905
156 0.68619047619
157 0.794047619048
158 0.834615384615
159 0.152272727273
160 0.75
161 0.767965367965
162 0.8
163 0.269285714286
164 0.633333333333
165 0.46875
166 0.621666666667
167 0.775
168 0.533333333333
169 0.76875
170 0.2125
171 0.73125
172 0.775
173 0.879761904762
174 0.515583925878
175 0.57
176 0.266746031746
177 0.75
178 0.72619047619
179 0.8
180 0.65
181 0.725
182 0.745833333333
183 0.339743589744
184 0.867956349206
185 0.855291005291
186 0.497916666667
187 0.85625
188 0.7625
189 0.419387755102
190 0.6
191 0.887142857143
192 0.678571428571
193 0.9
194 0.600297619048
195 0.443795787546
196 0.670499957661
197 0.947916666667
198 0.645123177476
199 0.91875
200 0.311011904762
201 0.670499957661
202 0.225
203 0.774891774892
204 0.933333333333
205 0.772857142857
206 0.387169312169
207 0.595535714286
208 0.8375
209 0.222936507937
210 0.670499957661
211 0.859948979592
212 0.214814814815
213 0.845714285714
214 0.57
215 0.583333333333
216 0.718831168831
217 0.874267399267
218 0.852827380952
219 0.765731292517
220 0.914032536091
221 0.756994047619
222 0.540476190476
223 0.579861111111
224 0.714285714286
225 0.180873015873
226 0.7
227 0.631324404762
228 0.790634920635
229 0.763095238095
230 0.863888888889
231 0.670499957661
232 0.670499957661
233 0.285714285714
234 0.91875
235 0.876282051282
236 0.166666666667
237 0.670499957661
238 0.6375
239 0.644175824176
240 0.707326007326
241 0.8375
242 0.6625
243 0.5
244 0.721875
245 0.9
246 0.345238095238
247 0.654047619048
248 0.827056277056
249 0.670499957661
250 0.7375
251 0.601640720391
252 0.222916666667
253 0.694217687075
254 0.758333333333
255 0.84652014652
256 0.55
257 0.916666666667
258 0.735357142857
259 0.677777777778
260 0.8
261 1.0
262 0.440476190476
263 0.150148809524
264 0.716666666667
265 0.780859010271
266 0.752857142857
267 0.75
268 0.654081632653
269 0.864627039627
270 0.831601731602
271 0.42619047619
272 0.795535714286
273 0.361349206349
274 0.637755102041
275 0.729166666667
276 0.74375
277 0.8375
278 0.428095238095
279 0.670499957661
280 0.461772486772
281 0.71
282 0.65
283 0.813636363636
284 0.429591836735
285 0.700850340136
286 0.542857142857
287 0.605476190476
288 0.5
289 0.733333333333
290 0.408333333333
291 0.717336309524
292 0.775
293 0.664285714286
294 0.602976190476
295 0.86875
296 0.670499957661
297 0.523958333333
298 0.869047619048
299 0.919047619048
300 0.69375
301 0.6
302 0.587261904762
303 0.447063492063
304 0.798051948052
305 0.585119047619
306 0.616666666667
307 0.832653061224
308 0.675
309 0.863650793651
310 0.759722222222
311 0.654965404965
312 0.670499957661
313 0.761547619048
314 0.815079365079
315 0.813650793651
316 0.748095238095
317 0.8
318 0.766666666667
319 0.730423280423
320 0.804017857143
321 0.844217687075
322 0.166666666667
323 0.72119047619
324 0.71
325 0.730555555556
326 0.844897959184
327 0.799126984127
328 0.761011904762
329 0.670499957661
330 0.861160714286
331 0.552777777778
332 0.670499957661
333 0.72074829932
334 0.820238095238
335 0.489523809524
336 0.516666666667
337 0.95
