1 0.928571428571
2 0.60496031746
3 0.750549450549
4 0.535242810076
5 0.535242810076
6 0.651334776335
7 0.584134615385
8 0.25
9 0.416666666667
10 0.75462962963
11 0.629273504274
12 0.674358974359
13 0.351648351648
14 0.426153846154
15 0.0357142857143
16 0.5
17 0.375
18 0.5625
19 0.384615384615
20 0.645833333333
21 0.0825892857143
22 0.5
23 0.375
24 0.283333333333
25 0.2
26 0.535242810076
27 0.580547924298
28 0.774074074074
29 0.217261904762
30 0.576636904762
31 0.604166666667
32 0.25
33 0.25
34 0.546258503401
35 0.874867724868
36 0.535242810076
37 0.305555555556
38 0.734027777778
39 0.639935064935
40 0.837222222222
41 0.535242810076
42 0.5
43 0.797321428571
44 0.25
45 0.333333333333
46 0.416666666667
47 0.320512820513
48 0.671715167549
49 0.625
50 0.375
51 0.3125
52 0.25
53 0.315476190476
54 0.831101190476
55 0.25
56 0.535242810076
57 0.224107142857
58 0.622222222222
59 0.35
60 0.0416666666667
61 0.84375
62 0.734687336473
63 0.709567901235
64 0.822115384615
65 1.0
66 0.740316521086
67 0.640415140415
68 0.795351473923
69 0.75
70 0.31691522763
71 0.166666666667
72 0.361111111111
73 0.666666666667
74 0.751131606489
75 0.513888888889
76 0.640221216692
77 0.263888888889
78 0.733134920635
79 0.75
80 0.319444444444
81 0.661904761905
82 0.873511904762
83 0.25
84 0.333333333333
85 0.829047619048
86 1.0
87 0.166666666667
88 0.535242810076
89 0.791666666667
90 0.535242810076
91 0.333333333333
92 0.535242810076
93 0.646260683761
94 0.75
95 0.895734126984
96 0.535242810076
97 0.5
98 0.535242810076
99 0.46233974359
100 0.803869047619
101 0.761904761905
102 0.302083333333
103 0.790662931839
104 0.5
105 0.545436507937
106 0.553571428571
107 0.708333333333
108 0.72775297619
109 0.535242810076
110 0.166666666667
111 0.535242810076
112 0.25
113 0.647028897029
114 0.971781305115
115 0.824761904762
116 0.290773809524
117 0.333333333333
118 0.25
119 0.5
120 0.375
121 0.88956043956
122 0.583333333333
123 0.670068027211
124 0.308913308913
125 0.535242810076
