1 0.735028860029
2 0.797016178266
3 0.681697726787
4 0.681697726787
5 0.681697726787
6 0.940656565657
7 0.726510989011
8 0.765308302808
9 0.681697726787
10 0.25
11 0.909294871795
12 0.2
13 0.681697726787
14 0.681697726787
15 0.333333333333
16 0.83044519583
17 0.833928571429
18 0.5
19 0.681697726787
20 0.681697726787
21 0.681697726787
22 0.71130952381
23 0.901984126984
24 0.798223443223
25 0.765132783883
26 0.25
27 0.556261446886
28 0.917938542939
29 0.681697726787
30 0.309523809524
31 0.716137566138
32 0.804100529101
33 0.681697726787
34 0.681697726787
35 0.945833333333
36 0.937037037037
37 0.69494047619
38 0.681697726787
39 0.642897842898
40 0.677968559219
41 0.681697726787
42 0.72380952381
43 0.907596371882
44 0.884004884005
45 1.0
46 0.784970238095
47 0.937925170068
48 0.778281440781
49 0.25
50 0.357142857143
51 0.809841269841
52 0.681697726787
53 0.82264957265
54 0.736080586081
55 0.681697726787
56 0.25
57 0.75
58 0.711615948154
59 0.6
60 0.2
61 0.754753579754
62 0.791486291486
63 0.681697726787
64 0.75
65 0.564119214119
66 0.681697726787
67 0.953125
68 0.763036368394
69 0.681697726787
70 0.964285714286
71 0.625
72 0.75
73 0.681697726787
74 0.824374236874
75 0.877976190476
76 0.681697726787
77 1.0
78 0.681697726787
79 0.681697726787
80 0.861492673993
81 0.111111111111
82 0.702619047619
83 0.767509157509
84 0.681697726787
85 0.9
86 0.818073593074
87 0.919871794872
88 0.6
89 0.357142857143
90 0.193542568543
91 0.681697726787
92 0.8
93 0.681697726787
94 0.735863095238
95 0.839018620269
96 0.681697726787
97 0.666666666667
98 0.206349206349
99 0.433621933622
100 0.809958791209
101 0.681697726787
102 0.681697726787
103 0.333333333333
104 0.636111111111
105 0.416666666667
106 0.5
107 0.681697726787
108 0.728188478188
109 0.681697726787
110 0.93224852071
111 0.681697726787
112 0.681697726787
113 0.681697726787
114 0.693542568543
