1 0.617786622339
2 0.735028860029
3 0.6
4 0.617786622339
5 0.845238095238
6 0.783127289377
7 0.617786622339
8 0.617786622339
9 0.462301587302
10 0.955808080808
11 0.659844322344
12 0.779197191697
13 0.696789321789
14 0.325396825397
15 0.826428571429
16 0.642857142857
17 0.75462962963
18 0.617786622339
19 0.859294871795
20 0.31746031746
21 0.327838827839
22 0.791666666667
23 0.617786622339
24 0.817624683009
25 0.541666666667
26 0.800595238095
27 0.620634920635
28 0.617786622339
29 0.5
30 0.833333333333
31 0.628968253968
32 0.617786622339
33 0.527777777778
34 0.617786622339
35 0.833333333333
36 0.55277014652
37 0.737037037037
38 0.813492063492
39 0.680803571429
40 0.727182539683
41 0.348214285714
42 0.627976190476
43 0.617786622339
44 0.901984126984
45 0.781556776557
46 0.737355006105
47 0.878571428571
48 0.617786622339
49 0.493761446886
50 0.617786622339
51 0.890160765161
52 0.893386243386
53 0.25
54 0.617786622339
55 0.375
56 0.660582010582
57 0.408498677249
58 0.617786622339
59 0.713194444444
60 0.730026455026
61 0.525396825397
62 0.333333333333
63 0.617786622339
64 0.9125
65 0.937037037037
66 0.653273809524
67 0.261904761905
68 0.722395197395
69 0.617786622339
70 0.642897842898
71 0.555272108844
72 0.66407967033
73 0.375
74 0.690476190476
75 0.547023809524
76 0.662455908289
77 0.617786622339
78 0.714285714286
79 0.828449328449
80 0.728571428571
81 0.984848484848
82 0.680803571429
83 0.603835978836
84 0.5
85 0.729166666667
86 0.900488400488
87 0.736614774115
88 0.634722222222
89 0.329365079365
90 0.125
91 0.780982905983
92 0.617786622339
93 0.736080586081
94 0.617786622339
95 0.690476190476
96 0.458333333333
97 0.136904761905
98 0.872767857143
99 0.400793650794
100 0.196428571429
101 0.617786622339
102 0.47619047619
103 0.285714285714
104 0.330357142857
105 0.647513384052
106 0.744791666667
107 0.269841269841
108 0.617786622339
109 0.267857142857
110 0.617786622339
111 0.746592098378
112 0.375
113 0.615873015873
114 0.728571428571
115 0.732142857143
116 0.724450549451
117 0.570578231293
118 0.776334776335
119 0.617786622339
120 0.564119214119
121 0.911458333333
122 0.847123015873
123 0.617786622339
124 0.617786622339
125 0.58630952381
126 0.763036368394
127 0.846741452991
128 0.479166666667
129 0.617786622339
130 0.133928571429
131 0.949134199134
132 0.617786622339
133 0.714285714286
134 0.19246031746
135 0.25
136 0.617786622339
137 0.795714285714
138 0.255265567766
139 0.446428571429
140 0.239316239316
141 0.768818681319
142 0.89880952381
143 0.133814102564
144 0.125
145 0.133928571429
146 0.617786622339
147 0.811492673993
148 1.0
149 0.652619047619
150 0.895734126984
151 0.617786622339
152 0.750842490842
153 0.166666666667
154 0.802922077922
155 0.617786622339
156 0.617786622339
157 0.305555555556
158 0.864316239316
159 0.761904761905
160 0.617786622339
161 0.934523809524
162 0.122863247863
163 0.193542568543
164 0.617786622339
165 0.810270774977
166 0.617786622339
167 0.872202797203
168 0.810531135531
169 0.337301587302
170 0.75
171 0.60119047619
172 0.482142857143
173 0.617786622339
174 0.617786622339
175 0.735863095238
176 0.916666666667
177 0.138888888889
178 0.769574175824
179 0.658630952381
180 0.498190301762
181 1.0
182 0.625
183 0.90306122449
184 0.668551587302
185 0.617786622339
186 0.464285714286
187 0.85
188 0.403318903319
189 0.768292124542
190 0.617786622339
191 0.617786622339
192 0.602777777778
193 0.244444444444
194 0.331349206349
195 0.617786622339
196 0.448412698413
197 0.647028897029
198 0.196428571429
199 0.860670194004
200 0.773643023643
201 0.971781305115
202 0.91942800789
203 0.777426739927
204 0.36578525641
205 0.648088023088
206 0.617786622339
207 0.617786622339
208 0.617786622339
209 0.617786622339
210 0.902380952381
211 0.698412698413
212 0.208333333333
