1 0.549404761905
2 0.750549450549
3 0.928571428571
4 0.769238400488
5 0.462301587302
6 0.751419413919
7 0.651334776335
8 0.269841269841
9 0.859761904762
10 0.365079365079
11 0.25
12 0.776851851852
13 0.484126984127
14 0.648717948718
15 0.399267399267
16 0.586681439785
17 0.0357142857143
18 0.468253968254
19 0.586681439785
20 0.804804170189
21 0.0825892857143
22 0.333333333333
23 0.722222222222
24 0.628968253968
25 0.586681439785
26 1.0
27 0.524992368742
28 0.737037037037
29 0.576636904762
30 0.727182539683
31 0.383928571429
32 0.709577228327
33 0.498639455782
34 0.464285714286
35 0.716137566138
36 0.366832010582
37 0.692361111111
38 0.655086580087
39 0.748544973545
40 0.586681439785
41 0.820555555556
42 0.684761904762
43 0.9125
44 0.845238095238
45 0.333333333333
46 0.373015873016
47 0.759432234432
48 0.642897842898
49 0.677968559219
50 0.375
51 0.708333333333
52 0.643937389771
53 0.8125
54 0.8
55 0.722725885226
56 0.384920634921
57 0.780982905983
58 0.736080586081
59 0.77380952381
60 0.410714285714
61 0.103571428571
62 0.125
63 0.831101190476
64 0.511904761905
65 0.47619047619
66 0.166666666667
67 0.673154409693
68 0.723958333333
69 0.224107142857
70 0.214285714286
71 0.65
72 0.746592098378
73 0.724450549451
74 0.546768707483
75 0.701854982624
76 0.466564318035
77 0.501526251526
78 0.29310570382
79 0.586681439785
80 0.911458333333
81 0.739226844584
82 0.86063034188
83 0.196428571429
84 0.630417295123
85 0.395833333333
86 0.693928571429
87 0.638095238095
88 0.852678571429
89 0.666666666667
90 0.248015873016
91 0.166666666667
92 0.410714285714
93 0.829047619048
94 0.255265567766
95 0.128205128205
96 0.768818681319
97 0.0504807692308
98 0.833333333333
99 0.0178571428571
100 0.833333333333
101 0.586681439785
102 0.895734126984
103 0.958333333333
104 0.734175824176
105 0.611111111111
106 0.787770562771
107 0.762202380952
108 0.761904761905
109 0.09375
110 0.934523809524
111 0.233974358974
112 0.908823529412
113 0.319768772894
114 0.702777777778
115 0.586681439785
116 0.780859010271
117 0.0833333333333
118 0.586681439785
119 0.796642246642
120 0.392857142857
121 0.519047619048
122 0.559523809524
123 0.72
124 0.353571428571
125 0.9
126 0.0833333333333
127 0.769574175824
128 0.498190301762
129 0.489880952381
130 0.668551587302
131 0.547619047619
132 0.816666666667
133 0.709821428571
134 0.686086309524
135 0.768292124542
136 0.166666666667
137 0.553571428571
138 0.586681439785
139 0.586681439785
140 0.448412698413
141 0.647028897029
142 0.842151675485
143 0.713036963037
144 0.833333333333
145 0.813650793651
146 0.33244047619
147 0.91942800789
148 0.5
149 0.71076007326
150 0.831428571429
151 0.88956043956
152 0.375
153 0.670068027211
