1 0.75
2 0.77380952381
3 1.0
4 0.63
5 0.77656956883
6 0.5
7 0.77656956883
8 1.0
9 0.525595238095
10 1.0
11 0.742857142857
12 0.75
13 1.0
14 0.5
15 1.0
16 1.0
17 0.875
18 0.77656956883
19 0.77656956883
20 0.166666666667
21 0.75
22 0.125
23 1.0
24 1.0
25 1.0
26 0.77656956883
27 0.428571428571
28 0.25
29 0.857142857143
30 0.77656956883
31 0.5
32 0.875
33 0.75
34 1.0
35 1.0
36 1.0
37 0.75
38 0.285714285714
39 0.748179271709
40 0.75
41 1.0
42 0.77656956883
43 0.77656956883
44 0.77656956883
45 0.541666666667
46 0.46130952381
47 0.872222222222
48 0.571428571429
49 0.75
50 0.77656956883
51 0.875
52 1.0
53 0.5
54 0.466666666667
55 0.610119047619
56 0.2
57 1.0
58 0.597222222222
59 1.0
60 0.700757575758
61 0.845604395604
62 1.0
63 0.77656956883
64 1.0
65 1.0
66 0.694444444444
67 1.0
68 1.0
69 0.947916666667
70 0.877777777778
71 0.75
72 0.25
73 1.0
74 0.77656956883
75 0.372222222222
76 0.77656956883
77 0.857142857143
78 0.77656956883
79 0.5
80 0.77656956883
81 1.0
82 0.75
83 0.5
84 0.77656956883
85 0.759920634921
86 0.714583333333
87 1.0
88 0.75
89 0.699642857143
90 0.75
91 0.77656956883
92 1.0
93 0.8418997669
94 0.555555555556
95 0.77656956883
96 0.77380952381
97 0.75
98 1.0
99 1.0
100 0.857142857143
101 0.625
102 1.0
103 1.0
104 1.0
105 0.857142857143
106 1.0
107 0.8125
108 0.875
109 0.625
110 0.77656956883
111 0.5625
112 1.0
113 1.0
114 0.25
115 0.822222222222
116 1.0
117 1.0
118 1.0
119 1.0
120 0.77656956883
