1 0.5
2 0.845
3 0.571428571429
4 0.611111111111
5 0.833333333333
6 0.18630952381
7 0.718095238095
8 0.166666666667
9 0.5
10 0.740476190476
11 0.333333333333
12 0.5
13 0.384090909091
14 0.706746031746
15 0.779365079365
16 0.333333333333
17 0.833333333333
18 0.666666666667
19 0.53125
20 0.807467532468
21 0.792724867725
22 0.291666666667
23 0.586819727891
24 0.675
25 0.34
26 0.333333333333
27 0.874908424908
28 0.666666666667
29 0.833333333333
30 0.916666666667
31 0.551587301587
32 0.333333333333
33 0.694444444444
34 0.333333333333
35 0.833333333333
36 0.775
37 0.433333333333
38 0.75
39 0.863194444444
40 0.575
41 0.787329931973
42 0.722222222222
43 0.666666666667
44 0.558333333333
45 0.705357142857
46 0.554232804233
47 0.674404761905
48 0.666666666667
49 0.697222222222
50 0.688095238095
51 0.754497354497
52 0.637301587302
53 0.691666666667
54 0.833333333333
55 0.691071428571
56 0.573611111111
57 0.891666666667
58 0.0642857142857
59 0.630073458461
60 0.807698412698
61 0.5
62 0.333333333333
63 0.815
64 0.690476190476
65 0.166666666667
66 0.630073458461
67 0.797916666667
68 0.867948717949
69 0.75
70 0.875
71 0.727472527473
72 0.5
73 0.541666666667
74 0.865873015873
75 0.785714285714
76 0.630073458461
77 0.4875
78 0.564285714286
79 0.4
80 1.0
81 0.5375
82 0.79880952381
83 0.333333333333
84 0.544642857143
85 0.5
86 0.587723214286
87 0.285714285714
88 0.379336734694
89 0.833333333333
90 0.5
91 0.630073458461
92 0.409523809524
93 0.584920634921
94 0.252380952381
95 0.333333333333
96 0.833333333333
97 0.833333333333
98 0.630073458461
99 1.0
100 0.773389355742
101 0.800793650794
102 0.630073458461
103 0.510555555556
104 0.854166666667
105 0.266666666667
106 0.333333333333
107 0.333333333333
108 0.674603174603
109 0.630073458461
110 0.159523809524
111 0.761904761905
112 0.863392857143
113 0.895714285714
114 0.836111111111
115 0.521428571429
116 0.630073458461
117 0.333333333333
118 0.714583333333
119 0.895833333333
120 0.75
121 0.666666666667
122 0.790476190476
123 0.833333333333
124 0.936224489796
125 0.677777777778
126 0.583333333333
127 1.0
128 0.712400793651
129 0.678571428571
130 0.333333333333
131 0.666666666667
132 0.944444444444
133 0.604166666667
134 0.5
135 0.5
136 0.5
137 0.694444444444
138 0.466666666667
139 0.799404761905
140 0.480158730159
141 0.630073458461
142 0.5
143 0.5
144 0.666666666667
145 0.630073458461
146 0.166666666667
147 0.874047619048
148 1.0
149 0.666666666667
150 0.666666666667
151 0.166666666667
152 0.696428571429
153 0.610416666667
154 0.666666666667
155 0.5
156 0.166666666667
157 0.630073458461
158 0.166666666667
159 0.291666666667
160 0.833333333333
161 0.830357142857
162 0.738839285714
163 0.333333333333
164 0.752705627706
165 0.666666666667
166 0.333333333333
167 0.582663690476
168 0.656227106227
169 0.707619047619
170 0.667216117216
171 0.878571428571
172 0.77962962963
173 0.771212121212
174 0.78253968254
175 0.658843537415
176 0.630073458461
177 0.166666666667
178 0.183333333333
179 0.770833333333
180 0.723833004602
181 0.257222222222
182 0.838095238095
183 0.25
184 0.375
185 0.829365079365
186 0.722916666667
187 0.75
188 0.666666666667
189 0.358974358974
190 0.425
191 0.5
192 0.555555555556
193 0.604761904762
194 0.527777777778
195 0.515224358974
196 0.166666666667
197 0.922619047619
198 0.666666666667
199 0.630073458461
200 0.668055555556
201 1.0
202 0.710073260073
203 0.630073458461
204 0.577777777778
205 0.738888888889
206 0.75
207 0.4
208 0.833333333333
209 0.222936507937
210 0.333333333333
211 0.870535714286
212 0.916666666667
213 1.0
214 0.678846153846
215 0.833333333333
216 1.0
217 0.84375
218 0.508673469388
219 0.657142857143
220 0.77593537415
221 0.833333333333
222 0.922435897436
223 0.208333333333
224 0.550680272109
225 0.458333333333
226 0.833333333333
227 0.329761904762
228 0.666666666667
229 0.291666666667
230 0.642485119048
231 0.666666666667
232 0.77873015873
233 0.416666666667
234 0.666666666667
235 0.935714285714
236 1.0
237 0.694444444444
238 0.733333333333
239 0.333333333333
240 0.314285714286
241 0.111111111111
242 0.333333333333
243 0.708461538462
244 0.721062271062
245 0.742857142857
246 0.785164835165
247 0.630073458461
248 0.309523809524
249 1.0
250 0.861666666667
251 0.5
252 0.555555555556
253 0.85303030303
254 0.416666666667
255 0.756944444444
256 0.933333333333
257 0.353937728938
258 0.5
259 0.791666666667
260 0.740136054422
261 0.857509157509
262 0.854166666667
263 0.645833333333
264 0.75
265 0.866666666667
266 0.741666666667
267 0.806069094304
268 0.5
269 1.0
270 0.666666666667
271 0.683333333333
272 0.277777777778
273 0.5
274 0.75
275 0.725
276 0.9
277 0.512662337662
278 0.805714285714
279 0.333333333333
280 0.5
281 0.1875
282 1.0
283 0.683333333333
284 0.333333333333
285 0.342301587302
286 0.555357142857
287 0.666666666667
288 0.666666666667
289 0.944444444444
290 0.791666666667
291 0.400595238095
292 0.25
293 1.0
294 0.5
295 0.754761904762
296 0.520089285714
297 0.833333333333
298 0.84126984127
299 1.0
300 0.833333333333
301 0.694444444444
302 0.333333333333
303 0.5
304 0.833333333333
305 0.804761904762
306 0.666666666667
307 0.5
308 0.940476190476
309 0.833333333333
310 0.833333333333
311 0.630073458461
312 0.630073458461
313 0.442301587302
314 0.630073458461
315 0.814285714286
316 0.166666666667
317 0.866031746032
318 0.722222222222
319 0.651564044421
320 0.818055555556
321 0.842222222222
322 0.776666666667
323 0.363095238095
324 0.585714285714
325 0.166666666667
326 0.566666666667
327 0.877380952381
328 0.674761904762
329 0.444642857143
330 0.728787878788
331 0.733333333333
332 0.690476190476
333 0.194444444444
334 0.702083333333
335 0.820555555556
336 0.630073458461
337 0.666666666667
338 0.583333333333
339 0.752083333333
340 0.88956043956
341 0.1
342 0.458333333333
343 0.847619047619
344 0.630073458461
345 0.872321428571
346 0.666666666667
347 0.444444444444
348 0.333333333333
349 0.75
350 0.333333333333
351 0.786666666667
352 0.5
353 0.611111111111
354 0.81130952381
355 0.737698412698
356 0.830654761905
357 0.833333333333
