1 0.6
2 0.63298335035
3 0.717712842713
4 0.1
5 0.713888888889
6 0.63298335035
7 0.619047619048
8 0.476666666667
9 0.63298335035
10 0.196513605442
11 0.63298335035
12 0.761538461538
13 0.75
14 0.916666666667
15 0.1
16 0.722727272727
17 0.8
18 0.660952380952
19 0.854545454545
20 0.63298335035
21 0.63298335035
22 0.63298335035
23 0.63298335035
24 0.25
25 0.75
26 0.173958333333
27 0.63298335035
28 0.63298335035
29 0.563888888889
30 0.814285714286
31 0.940656565657
32 0.63298335035
33 1.0
34 0.625
35 0.659126984127
36 0.5
37 0.63298335035
38 0.783333333333
39 0.25
40 0.620833333333
41 0.760317460317
42 0.5
43 0.497222222222
44 0.175
45 0.333333333333
46 0.770833333333
47 0.742532467532
48 0.69880952381
49 0.63298335035
50 0.45
51 0.63298335035
52 0.870833333333
53 0.64375
54 0.535799319728
55 0.63298335035
56 0.714285714286
57 0.85293040293
58 0.45
59 0.505555555556
60 0.647222222222
61 0.4
62 0.503968253968
63 0.666666666667
64 0.695238095238
65 0.829166666667
66 0.766666666667
67 0.63298335035
68 0.45
69 0.8125
70 0.875
71 0.1
72 0.803571428571
73 0.6375
74 0.433333333333
75 0.116666666667
76 0.758333333333
77 0.63298335035
78 0.63298335035
79 0.904545454545
80 0.80625
81 0.800595238095
82 0.82748015873
83 0.766921768707
84 0.870833333333
85 0.919047619048
86 0.63298335035
87 0.669642857143
88 0.63298335035
89 0.333333333333
90 0.705555555556
91 0.1
92 0.875
93 0.25
94 0.908333333333
95 0.9
96 0.681547619048
97 0.83125
98 0.53835978836
99 1.0
100 0.647619047619
101 0.44
102 0.25
103 0.63298335035
104 0.5125
105 0.701666666667
106 0.788888888889
107 0.659523809524
108 0.4125
109 0.722751322751
110 0.63298335035
111 0.805555555556
112 0.669047619048
113 0.331944444444
114 0.585416666667
115 0.8
116 0.63298335035
117 0.55
118 1.0
119 0.63298335035
120 0.0916666666667
121 0.583928571429
122 0.63298335035
123 0.823333333333
124 0.897222222222
125 0.75
126 0.775833333333
127 0.375
128 0.714285714286
129 0.7
130 0.63298335035
131 0.8
132 0.61875
133 0.67803030303
134 0.63298335035
135 0.4
136 0.658333333333
137 0.661111111111
138 1.0
139 0.583333333333
140 0.25
141 0.783333333333
142 0.25
143 0.507142857143
144 0.850850340136
145 0.891666666667
146 0.50462962963
147 0.0555555555556
148 0.78125
149 0.798174603175
150 0.63298335035
151 0.438333333333
152 0.619047619048
153 0.78
154 0.63298335035
155 0.834981684982
156 0.63298335035
157 0.63298335035
158 0.784375
159 0.705494505495
160 0.6
161 0.63
162 0.25
163 0.2875
164 0.398578042328
165 0.63298335035
166 0.66875
167 0.63298335035
168 0.652922077922
169 0.853968253968
170 0.857142857143
171 0.63298335035
172 0.602380952381
173 0.860714285714
174 0.696666666667
175 0.564285714286
176 0.79880952381
177 0.63298335035
178 0.219444444444
179 0.544642857143
180 0.0666666666667
181 0.160714285714
182 0.3
183 0.4
184 0.578794642857
185 0.285714285714
186 0.389540816327
187 0.0833333333333
188 0.63298335035
189 0.893333333333
190 0.75
191 0.8
192 0.4
193 0.537301587302
194 0.63298335035
195 0.4
196 0.833333333333
197 0.63298335035
198 0.4
199 0.63298335035
200 0.703869047619
201 0.5
202 0.714285714286
203 0.466666666667
204 0.748179271709
205 0.63298335035
206 0.25
207 0.769047619048
208 0.597619047619
209 0.50425170068
210 0.63298335035
211 0.125
212 0.531746031746
213 0.690476190476
214 0.654166666667
215 0.659810405644
216 0.5
217 0.75
218 0.797619047619
219 0.9
220 0.4875
221 0.827678571429
222 0.857142857143
223 0.881428571429
224 0.3125
225 0.5
226 0.8
227 0.379166666667
228 0.752083333333
229 0.984848484848
230 0.0416666666667
231 0.75
232 0.63298335035
233 0.813333333333
234 0.879861111111
235 0.698660714286
236 0.63298335035
237 0.63298335035
238 0.567708333333
239 0.7875
240 0.708333333333
241 0.916666666667
242 0.5
243 0.744444444444
244 0.63298335035
245 0.671527777778
246 0.824404761905
247 0.4
248 0.445
249 0.790476190476
250 0.628571428571
251 0.833333333333
252 0.338095238095
253 0.643333333333
254 0.304166666667
255 0.63298335035
256 0.655
257 0.396875
258 0.786111111111
259 0.85
260 0.7
261 0.63298335035
262 0.688591269841
263 0.533333333333
264 0.207142857143
265 0.662698412698
266 0.63298335035
267 0.63298335035
268 0.63298335035
269 0.717261904762
270 0.835714285714
271 0.763333333333
272 0.735714285714
273 0.63298335035
274 0.815
275 0.5
276 0.63298335035
277 0.475595238095
278 0.218333333333
279 0.76369047619
280 0.503968253968
281 0.605555555556
282 0.872222222222
283 0.63298335035
284 0.753703703704
285 0.714285714286
286 0.835416666667
287 1.0
288 0.325
289 0.4
290 0.125
291 0.859761904762
292 0.63298335035
293 1.0
294 0.707417582418
295 0.925
296 0.4
297 0.63298335035
298 0.166666666667
299 0.63298335035
300 0.5375
301 0.63298335035
302 0.63298335035
303 0.6
304 0.63298335035
305 0.583333333333
306 0.645833333333
307 0.63298335035
308 0.622222222222
309 0.398148148148
310 1.0
311 0.63298335035
312 0.35
313 0.79
314 0.7575
315 0.691666666667
316 0.799744897959
317 0.8675
318 0.739718614719
319 0.866666666667
320 0.546949404762
321 0.7
322 0.612271062271
323 0.688571428571
324 0.656227106227
325 0.15
326 0.75
327 0.758333333333
328 0.425
329 0.535714285714
330 0.856593406593
331 0.375
332 0.745238095238
333 0.758333333333
334 0.78253968254
335 0.255
336 0.133333333333
337 0.67925170068
338 0.746296296296
339 0.888888888889
340 0.5125
341 0.752380952381
342 0.63298335035
343 0.63125
344 0.6
345 0.75
346 0.891666666667
347 0.63298335035
348 0.63298335035
349 0.776334776335
350 0.63298335035
351 0.575
352 0.266746031746
353 0.63298335035
354 0.695238095238
355 0.708333333333
356 0.63298335035
357 0.25
358 0.883333333333
359 0.63298335035
360 0.63298335035
361 0.225
362 0.75
363 0.63298335035
364 0.291666666667
365 0.816666666667
366 0.847123015873
367 0.859259259259
368 0.208333333333
369 0.188888888889
370 0.692857142857
371 0.45
372 0.896666666667
373 0.9
374 0.666666666667
375 0.57037037037
376 0.622619047619
377 0.96
378 0.975
379 0.63298335035
380 0.947916666667
381 0.85119047619
382 0.647224017812
383 0.0642857142857
384 0.63298335035
385 0.73
386 0.63298335035
387 0.833333333333
388 0.7
389 0.7
390 0.63298335035
391 0.877777777778
392 0.604166666667
393 0.699084249084
394 0.63298335035
395 0.239583333333
396 0.871111111111
397 0.0666666666667
398 0.63298335035
399 1.0
400 0.742424242424
401 0.949134199134
402 0.865
403 0.78
404 0.810416666667
405 0.371296296296
406 0.447222222222
407 0.485714285714
408 1.0
409 0.56875
410 0.8
411 0.203888888889
412 0.616666666667
413 0.133333333333
414 0.8625
415 0.708333333333
416 0.875
417 0.625
418 0.63298335035
419 0.75
420 0.63298335035
421 0.690476190476
422 0.720833333333
423 0.8
424 0.63298335035
425 0.795714285714
426 0.4
427 0.266666666667
428 0.47806122449
429 0.709090909091
430 0.885256410256
431 0.857291666667
432 0.796343537415
433 0.914032536091
434 0.5
435 0.730208333333
436 0.666666666667
437 0.530272108844
438 0.7875
439 0.75
440 0.591666666667
441 0.142777777778
442 0.25
443 0.1
444 0.451041666667
445 0.63298335035
446 0.294047619048
447 1.0
448 0.63298335035
449 1.0
450 0.558333333333
451 0.466666666667
452 0.63298335035
453 0.63298335035
454 0.642485119048
455 0.619047619048
456 0.738888888889
457 0.759682539683
458 1.0
459 0.63298335035
460 0.205555555556
461 0.568055555556
462 0.836111111111
463 0.63298335035
464 0.874489795918
465 0.928571428571
466 0.25
467 0.63298335035
468 0.63298335035
469 0.2
470 1.0
471 0.255555555556
472 0.699084249084
473 0.63298335035
474 0.666666666667
475 0.685714285714
476 0.902777777778
477 0.595
478 0.741208791209
479 0.63298335035
480 0.63298335035
481 0.2
482 0.74
483 0.125
484 0.721875
485 0.63298335035
486 0.166666666667
487 0.8
488 0.816666666667
489 0.814047619048
490 0.25
491 0.803333333333
492 0.618333333333
493 0.75
494 0.827056277056
495 0.63298335035
496 0.666666666667
497 0.595688339438
498 0.63298335035
499 0.566666666667
500 0.222916666667
501 0.725
502 1.0
503 0.847619047619
504 0.353937728938
505 0.63298335035
506 0.739814814815
507 0.744047619048
508 0.699319727891
509 0.868498168498
510 0.728214285714
511 0.594444444444
512 0.463333333333
513 0.879411764706
514 0.11562049062
515 0.416666666667
516 0.132291666667
517 0.59880952381
518 0.675
519 0.833333333333
520 0.76
521 0.722222222222
522 0.295512820513
523 0.741666666667
524 0.63298335035
525 0.699305555556
526 0.63298335035
527 0.503333333333
528 0.666666666667
529 0.664285714286
530 0.63298335035
531 0.683333333333
532 0.708333333333
533 0.708333333333
534 0.805555555556
535 0.805555555556
536 0.933333333333
537 0.834848484848
538 0.63298335035
539 0.512662337662
540 0.394444444444
541 0.791428571429
542 0.7625
543 0.63298335035
544 0.63298335035
545 0.63298335035
546 0.916666666667
547 0.877083333333
548 0.83125
549 0.351825396825
550 0.571428571429
551 0.507738095238
552 0.32
553 0.63298335035
554 0.406666666667
555 0.63298335035
556 0.729910714286
557 0.801587301587
558 0.437962962963
559 1.0
560 0.63298335035
561 0.857142857143
562 0.63298335035
563 0.875
564 0.813636363636
565 0.414285714286
566 0.400595238095
567 0.63298335035
568 0.1
569 0.72380952381
570 0.458333333333
571 0.63298335035
572 0.87925170068
573 0.75
574 0.669047619048
575 0.866666666667
576 0.63298335035
577 1.0
578 0.548333333333
579 0.511160714286
580 0.225
581 0.8375
582 0.6375
583 0.63298335035
584 0.703943452381
585 0.77
586 0.342712842713
587 0.746031746032
588 0.65
589 0.6
590 0.63298335035
591 1.0
592 0.605208333333
593 0.875
594 0.9375
595 0.797619047619
596 0.804761904762
597 0.766666666667
598 0.886904761905
599 0.544444444444
600 0.63298335035
601 0.773958333333
602 0.643253968254
603 0.63298335035
604 0.5
605 0.883333333333
606 0.63298335035
607 0.191666666667
608 1.0
609 0.5
610 0.63298335035
611 0.629166666667
612 0.540833333333
613 0.470873015873
614 0.555555555556
615 0.875
616 0.788311688312
617 0.764583333333
618 0.558333333333
619 0.789285714286
620 1.0
621 0.05
622 0.63298335035
623 0.63298335035
624 0.472222222222
625 0.856507936508
626 0.718055555556
627 0.644761323333
628 0.279166666667
629 0.750833333333
630 0.794246031746
631 0.813650793651
632 0.748095238095
633 0.2
634 0.39880952381
635 0.718518518519
636 0.63298335035
637 0.738333333333
638 0.63298335035
639 0.63298335035
640 0.8
641 0.63298335035
642 0.63298335035
643 0.395238095238
644 0.85
645 0.790625
646 0.2
647 0.63298335035
648 0.826360544218
649 0.5
650 0.674761904762
651 0.740740740741
652 0.766666666667
653 0.508333333333
654 0.373214285714
655 0.650865800866
656 0.690476190476
657 0.63298335035
658 0.658910533911
659 1.0
660 0.814285714286
661 0.78246031746
662 0.63298335035
663 0.63298335035
664 0.6
665 0.63298335035
666 1.0
667 0.63298335035
668 0.639285714286
669 0.206481481481
670 0.698511904762
671 0.85
672 0.63298335035
673 0.854464285714
674 0.6
675 0.675
676 0.636666666667
677 0.63298335035
678 0.766666666667
679 1.0
680 0.775595238095
681 0.488095238095
682 0.690079365079
683 0.5125
684 0.496666666667
685 0.839583333333
686 0.266666666667
687 0.63298335035
