1 0.857142857143
2 0.767254273504
3 0.759920634921
4 0.688415750916
5 0.775228937729
6 0.840714285714
7 0.859294871795
8 0.668864468864
9 0.826782192167
10 0.705782312925
11 0.649206349206
12 0.749136814697
13 0.518253968254
14 0.855555555556
15 0.745464852608
16 0.670351473923
17 0.749136814697
18 0.61130952381
19 0.779175824176
20 0.733386752137
21 0.777777777778
22 0.49078525641
23 0.890160765161
24 0.749136814697
25 0.814909297052
26 0.856575963719
27 0.761772486772
28 0.553968253968
29 0.688775510204
30 0.875
31 0.937037037037
32 0.754141229141
33 0.605860805861
34 0.648206654457
35 0.677777777778
36 0.948412698413
37 0.675264550265
38 0.862393162393
39 0.936224489796
40 0.734630647131
41 0.815145502646
42 0.749136814697
43 0.687169312169
44 0.461538461538
45 0.780982905983
46 0.762271062271
47 0.812169312169
48 1.0
49 0.861111111111
50 0.66949140603
51 0.166666666667
52 0.58253968254
53 0.780448717949
54 0.708333333333
55 0.651360544218
56 0.761247086247
57 0.681746031746
58 0.644444444444
59 0.585764235764
60 0.408888888889
61 0.877777777778
62 0.859027777778
63 0.803571428571
64 0.568452380952
65 0.948412698413
66 0.759635007849
67 0.64880952381
68 0.94212962963
69 0.949206349206
70 0.751071428571
71 0.846153846154
72 0.91014739229
73 0.792628205128
74 0.875
75 0.804988662132
76 0.9
77 0.749136814697
78 0.333333333333
79 0.598922902494
80 0.811492673993
81 0.713293650794
82 0.734175824176
83 0.909722222222
84 0.583783577534
85 0.800757575758
86 0.868055555556
87 0.775545634921
88 0.855555555556
89 0.776077097506
90 0.875
91 0.793383699634
92 0.779195011338
93 0.712202380952
94 0.426761730333
95 0.5
96 0.897321428571
97 0.780196886447
98 0.782029478458
99 0.844246031746
100 0.751998001998
101 0.971781305115
102 0.776984126984
103 0.91942800789
104 0.837301587302
105 0.739331501832
106 0.715079365079
107 0.688888888889
