1 0.704725829726
2 0.583333333333
3 0.857142857143
4 0.7553495116
5 0.742063492063
6 0.940656565657
7 0.694444444444
8 0.659844322344
9 0.751419413919
10 0.68730957743
11 0.859294871795
12 0.68730957743
13 0.815793181178
14 0.68537414966
15 0.800595238095
16 0.649206349206
17 0.603968253968
18 0.855555555556
19 0.684240362812
20 0.166666666667
21 0.649943310658
22 0.625595238095
23 0.868650793651
24 0.709577228327
25 0.555555555556
26 0.749206349206
27 0.526499542125
28 0.890160765161
29 0.416666666667
30 0.794501133787
31 0.660582010582
32 0.333333333333
33 0.795351473923
34 0.761772486772
35 0.58253968254
36 0.709183673469
37 0.833333333333
38 0.827380952381
39 0.9125
40 0.937037037037
41 0.775
42 0.63244047619
43 0.738268213268
44 0.648206654457
45 0.690476190476
46 0.592063492063
47 0.907596371882
48 0.333333333333
49 0.828449328449
50 0.984848484848
51 0.680803571429
52 0.627645502646
53 0.833821733822
54 0.5
55 0.926020408163
56 0.722725885226
57 0.862764550265
58 0.277777777778
59 0.817777777778
60 0.63955026455
61 0.780982905983
62 0.719413919414
63 0.76455026455
64 1.0
65 0.775396825397
66 0.647513384052
67 0.166666666667
68 0.611111111111
69 0.809523809524
70 0.610544217687
71 0.709299034299
72 0.666666666667
73 0.653174603175
74 0.802308802309
75 0.68730957743
76 0.55873015873
77 0.572777222777
78 0.877777777778
79 0.68730957743
80 0.839285714286
81 0.497023809524
82 0.907596371882
83 0.749430926217
84 0.208333333333
85 0.628401360544
86 0.333333333333
87 0.894510582011
88 0.962121212121
89 0.949206349206
90 0.751071428571
91 0.86933106576
92 0.768818681319
93 0.857142857143
94 0.833333333333
95 0.804988662132
96 0.333333333333
97 0.871428571429
98 0.598922902494
99 0.166666666667
100 0.664523809524
101 0.713293650794
102 0.748461538462
103 0.909722222222
104 0.787770562771
105 0.868055555556
106 0.68730957743
107 0.864316239316
108 0.333333333333
109 0.5
110 0.739831349206
111 0.167568542569
112 0.68730957743
113 0.826984126984
114 0.735260770975
115 0.875
116 0.166666666667
117 0.541666666667
118 0.712053571429
119 0.769574175824
120 0.738378684807
121 0.658630952381
122 0.113333333333
123 0.920068027211
124 0.277777777778
125 0.407647907648
126 0.825892857143
127 0.166666666667
128 0.768292124542
129 0.68730957743
130 0.614682539683
131 0.802437641723
132 0.820436507937
133 0.726023976024
134 0.987654320988
135 0.748412698413
136 0.91942800789
137 0.796485260771
138 0.725045787546
139 0.645923520924
140 0.715079365079
141 0.631746031746
142 0.333333333333
