1 0.916666666667
2 0.7306998557
3 0.565277777778
4 0.916666666667
5 0.7553495116
6 0.759920634921
7 0.430555555556
8 0.940656565657
9 0.688415750916
10 0.775228937729
11 0.703282828283
12 0.333333333333
13 0.840714285714
14 0.555555555556
15 0.783201058201
16 0.444444444444
17 0.679853479853
18 0.0357142857143
19 0.444444444444
20 0.804804170189
21 0.705782312925
22 0.829166666667
23 0.046875
24 1.0
25 0.763888888889
26 0.582532051282
27 0.704648526077
28 0.649943310658
29 0.229166666667
30 0.609375
31 0.798611111111
32 0.229166666667
33 0.639880952381
34 0.3125
35 0.868650793651
36 0.779175824176
37 0.709577228327
38 0.544356684982
39 0.626566999369
40 0.902065527066
41 0.495238095238
42 0.890740740741
43 0.333333333333
44 0.814909297052
45 0.724074074074
46 0.398578042328
47 0.815759637188
48 0.671527777778
49 0.652922077922
50 0.730026455026
51 0.688775510204
52 0.166666666667
53 0.9125
54 0.937037037037
55 0.668154761905
56 0.277777777778
57 0.722395197395
58 0.785416666667
59 0.637606837607
60 0.545068027211
61 0.660111416361
62 0.733333333333
63 0.651873897707
64 0.876068376068
65 0.984848484848
66 0.716517857143
67 0.9375
68 0.625
69 0.746535409035
70 0.838955026455
71 0.25
72 0.687169312169
73 0.780982905983
74 0.762271062271
75 0.75
76 0.108333333333
77 0.848958333333
78 0.472222222222
79 0.208333333333
80 0.916666666667
81 0.5
82 0.270833333333
83 0.66949140603
84 0.792410714286
85 0.227083333333
86 0.222222222222
87 0.208333333333
88 0.775503663004
89 0.695238095238
90 0.651360544218
91 0.625
92 0.802308802309
93 0.473567119155
94 0.549145299145
95 0.55979020979
96 0.299908424908
97 0.759635007849
98 0.846741452991
99 0.730442176871
100 0.672434101846
101 0.894510582011
102 0.145833333333
103 0.949134199134
104 0.395833333333
105 0.701388888889
106 0.708214285714
107 0.888392857143
108 0.208333333333
109 0.458333333333
110 0.81
111 0.889739229025
112 0.261217948718
113 0.625
114 0.768818681319
115 0.825396825397
116 0.133814102564
117 0.229166666667
118 0.598922902494
119 0.840064102564
120 0.916666666667
121 0.0178571428571
122 0.693095238095
123 0.375
124 0.907638888889
125 0.784722222222
126 0.416666666667
127 0.625
128 0.787770562771
129 0.864316239316
130 0.777083333333
131 0.8125
132 0.757688492063
133 0.879411764706
134 0.193542568543
135 0.304887820513
136 0.79766573296
137 0.75566893424
138 0.808547008547
139 0.361111111111
140 0.566666666667
141 0.625
142 0.313888888889
143 0.626566999369
144 0.712053571429
145 0.138888888889
146 0.781478937729
147 0.758786848073
148 0.694345238095
149 0.508394383394
150 0.481944444444
151 0.375
152 0.375
153 0.458333333333
154 0.899659863946
155 0.664583333333
156 0.583333333333
157 0.739583333333
158 0.71287202381
159 0.394660894661
160 0.754464285714
161 0.75
162 0.792101648352
163 0.166666666667
164 0.600396825397
165 0.782029478458
166 0.569444444444
167 0.796626984127
168 0.361111111111
169 0.644761323333
170 0.375
171 0.858024691358
172 0.726023976024
173 0.314583333333
174 0.91942800789
175 0.796485260771
176 0.753617216117
177 0.407451923077
178 0.625
179 0.671897546898
180 0.843333333333
181 0.911538461538
182 0.626566999369
183 0.642857142857
