1 0.225
2 0.845238095238
3 0.62619047619
4 0.608358908714
5 0.35
6 0.797016178266
7 0.835813492063
8 0.384615384615
9 0.166666666667
10 0.737301587302
11 0.709844322344
12 0.772252747253
13 0.608358908714
14 0.771634615385
15 0.826428571429
16 0.166666666667
17 0.859294871795
18 0.426153846154
19 0.608358908714
20 0.608358908714
21 0.694444444444
22 0.75
23 0.608358908714
24 0.615384615385
25 0.8125
26 0.356837606838
27 0.804804170189
28 0.756802721088
29 0.820634920635
30 0.0825892857143
31 0.366666666667
32 0.366666666667
33 0.611111111111
34 0.541666666667
35 0.855555555556
36 0.791383219955
37 0.608358908714
38 0.680555555556
39 0.300595238095
40 0.71130952381
41 0.730410561661
42 0.729166666667
43 0.899206349206
44 0.608358908714
45 0.285714285714
46 0.608358908714
47 0.833333333333
48 0.910994098494
49 0.61768707483
50 0.608358908714
51 0.608358908714
52 0.608358908714
53 0.608358908714
54 0.865929705215
55 0.291666666667
56 0.831065759637
57 0.608358908714
58 0.2
59 0.757804232804
60 0.675396825397
61 0.739795918367
62 0.869047619048
63 0.9375
64 1.0
65 0.833333333333
66 0.713988095238
67 0.608358908714
68 0.677968559219
69 0.5
70 0.75
71 0.694444444444
72 0.431623931624
73 0.692063492063
74 0.943310657596
75 0.708333333333
76 0.291666666667
77 0.333333333333
78 0.8125
79 0.608358908714
80 0.687169312169
81 0.0833333333333
82 0.692307692308
83 0.677083333333
84 0.94387755102
85 0.2
86 0.608358908714
87 0.225
88 0.785225885226
89 0.84873015873
90 0.166666666667
91 0.608358908714
92 0.5
93 0.608358908714
94 0.833333333333
95 0.666666666667
96 0.608358908714
97 0.843482905983
98 0.608358908714
99 0.608358908714
100 0.769413919414
101 0.470238095238
102 0.279761904762
103 0.527777777778
104 1.0
105 0.125
106 0.154761904762
107 0.355555555556
108 0.608358908714
109 0.825396825397
110 0.705205691744
111 0.18244047619
112 0.1875
113 0.333333333333
114 0.433333333333
115 0.0416666666667
116 0.68253968254
117 0.608358908714
118 0.641156462585
119 0.732026307026
120 0.608358908714
121 0.608358908714
122 0.646031746032
123 0.608358908714
124 0.558673469388
125 0.58485958486
126 0.70873015873
127 1.0
128 0.579270729271
129 0.523174603175
130 0.305010465725
131 0.666666666667
132 0.25
133 0.927777777778
134 0.911458333333
135 0.608358908714
136 0.88878968254
137 0.5
138 0.830357142857
139 0.64880952381
140 0.397435897436
141 0.608358908714
142 0.943310657596
143 0.680555555556
144 0.608358908714
145 0.643707482993
146 0.5
147 0.458333333333
148 0.916666666667
149 0.608358908714
150 0.920634920635
151 0.333333333333
152 0.802579365079
153 0.666666666667
154 0.608358908714
155 0.291666666667
156 0.86933106576
157 1.0
158 0.615384615385
159 0.916666666667
160 0.608358908714
161 0.789652014652
162 0.608358908714
163 0.923076923077
164 0.804988662132
165 0.333333333333
166 0.5
167 0.375
168 0.66014957265
169 0.921428571429
170 0.608358908714
171 0.466666666667
172 0.700963718821
173 0.861111111111
174 0.0178571428571
175 0.660952380952
176 0.759175824176
177 0.608358908714
178 0.909722222222
179 0.643307387057
180 0.846153846154
181 0.358173076923
182 0.833225108225
183 1.0
184 0.375
185 0.316666666667
186 0.302083333333
187 0.608358908714
188 0.833581349206
189 0.125
190 0.278102106227
191 0.25
192 0.826984126984
193 0.750566893424
194 0.4125
195 0.602380952381
196 0.9375
197 0.608358908714
198 0.4
199 0.666666666667
200 0.5
201 0.769574175824
202 0.809807256236
203 0.692307692308
204 0.752380952381
205 0.600992063492
206 0.5
207 0.535714285714
208 0.736111111111
209 0.608358908714
210 0.5
211 0.384615384615
212 0.5
213 0.703273809524
214 0.608358908714
215 0.533333333333
216 0.830792124542
217 0.1
218 0.0833333333333
219 0.0833333333333
220 0.761621315193
221 0.384615384615
222 0.25
223 1.0
224 0.735764235764
225 0.971781305115
226 0.26994047619
227 0.819841269841
228 0.91942800789
229 0.903628117914
230 0.333333333333
231 0.608358908714
232 0.608358908714
233 0.78576007326
234 0.344951923077
235 0.5
236 0.333333333333
237 0.333333333333
238 0.769230769231
239 0.75
240 0.291666666667
241 0.757936507937
242 0.666666666667
243 0.731746031746
244 0.75
245 0.846153846154
246 0.608358908714
247 0.729591836735
248 0.261294261294
