1 0.845238095238
2 0.738816738817
3 0.556349206349
4 0.7865995116
5 0.742063492063
6 0.365079365079
7 0.95202020202
8 0.687301587302
9 0.697344322344
10 0.751419413919
11 1.0
12 0.662698412698
13 0.214285714286
14 0.677884615385
15 0.851428571429
16 0.531746031746
17 0.77962962963
18 0.600682838317
19 0.67094017094
20 0.871794871795
21 0.373015873016
22 0.664743589744
23 0.600682838317
24 0.222222222222
25 0.527777777778
26 0.468253968254
27 0.625
28 0.75
29 0.82403493942
30 0.666666666667
31 0.388888888889
32 0.721088435374
33 0.833333333333
34 0.813095238095
35 0.0357142857143
36 0.833333333333
37 0.5
38 1.0
39 0.888888888889
40 0.698412698413
41 0.600682838317
42 0.666666666667
43 0.58402014652
44 0.600682838317
45 0.737037037037
46 0.719954648526
47 0.25
48 0.662698412698
49 0.238095238095
50 0.602678571429
51 0.452380952381
52 0.64880952381
53 0.0714285714286
54 0.893650793651
55 0.78989010989
56 0.761660561661
57 0.600682838317
58 0.666666666667
59 0.551053113553
60 0.890160765161
61 0.5
62 0.333333333333
63 0.297619047619
64 0.848072562358
65 0.716137566138
66 0.391137566138
67 0.25
68 0.831065759637
69 0.674025974026
70 0.771693121693
71 0.739795918367
72 1.0
73 0.820555555556
74 0.600682838317
75 0.925
76 0.937037037037
77 0.69494047619
78 0.206349206349
79 0.736284086284
80 0.745238095238
81 0.537414965986
82 0.667551892552
83 0.5
84 0.611111111111
85 0.715476190476
86 0.664770723104
87 0.583333333333
88 0.984848484848
89 0.416666666667
90 0.5
91 0.727678571429
92 0.916666666667
93 0.600682838317
94 0.928571428571
95 0.645833333333
96 0.285714285714
97 0.600682838317
98 0.722725885226
99 0.835978835979
100 0.600682838317
101 0.357142857143
102 0.600682838317
103 0.305555555556
104 0.166666666667
105 0.699074074074
106 0.801816239316
107 0.600682838317
108 0.452380952381
109 0.297619047619
110 0.111904761905
111 0.333333333333
112 0.846726190476
113 0.31746031746
114 0.125
115 0.47619047619
116 0.22619047619
117 0.600682838317
118 0.657128768667
119 0.71875
120 0.21369047619
121 0.103174603175
122 0.22619047619
123 0.125
124 0.600682838317
125 0.833333333333
126 0.833333333333
127 0.761473050759
128 0.76049382716
129 0.166666666667
130 0.745238095238
131 0.605442176871
132 0.766117216117
133 0.612244897959
134 0.799062049062
135 0.740316521086
136 0.493525102349
137 0.556543456543
138 0.287153322868
139 0.600682838317
140 0.600682838317
141 0.927083333333
142 0.878373015873
143 0.416666666667
144 0.347435897436
145 0.722222222222
146 0.748155416013
147 0.877991452991
148 0.600682838317
149 0.66156462585
150 0.600682838317
151 0.659829059829
152 0.25
153 0.572222222222
154 0.416666666667
155 0.915343915344
156 0.154761904762
157 0.949134199134
158 0.22619047619
159 0.740079365079
160 0.706428571429
161 0.25
162 0.67380952381
163 0.883928571429
164 0.261904761905
165 0.600682838317
166 0.600682838317
167 0.619047619048
168 0.887188208617
169 1.0
170 0.921385477268
171 0.321428571429
172 0.239316239316
173 0.810485347985
174 0.888392857143
175 0.840702947846
176 0.102564102564
177 0.680982905983
178 0.25
179 0.600682838317
180 0.238095238095
181 0.600682838317
182 0.575963718821
183 0.777777777778
184 0.848992673993
185 0.916666666667
186 0.600682838317
187 0.685952380952
188 0.428571428571
189 0.906150793651
190 0.775793650794
191 0.611111111111
192 0.833333333333
193 0.166666666667
194 0.285714285714
195 0.389423076923
196 0.799134199134
197 0.600682838317
198 0.208333333333
199 0.735357142857
200 0.600682838317
201 0.928571428571
202 0.600682838317
203 0.247863247863
204 0.755456349206
205 0.894117647059
206 0.182178932179
207 0.600682838317
208 0.262477106227
209 0.333333333333
210 0.750566893424
211 0.817475579976
212 0.420634920635
213 0.35
214 0.552380952381
215 0.642857142857
216 0.600682838317
217 0.284126984127
218 0.741071428571
219 0.883333333333
220 0.0555555555556
221 0.800824175824
222 0.756235827664
223 0.480333158905
224 0.600682838317
225 0.600682838317
226 0.496825396825
227 0.142857142857
228 0.666666666667
229 0.600682838317
230 0.600682838317
231 0.600682838317
232 0.410714285714
233 0.761904761905
234 0.694444444444
235 0.87925170068
236 0.672023809524
237 0.916666666667
238 0.761904761905
239 0.693898809524
240 0.388167388167
241 0.785714285714
242 0.857142857143
243 0.799542124542
244 0.600682838317
245 0.611111111111
246 0.25
247 0.77947845805
248 0.539682539683
249 0.81746031746
250 0.253968253968
251 0.166666666667
252 0.654965404965
253 0.321428571429
254 0.869929453263
255 0.735764235764
256 0.600682838317
257 0.30119047619
258 0.91942800789
259 0.796485260771
260 1.0
261 0.72326007326
262 0.111111111111
263 0.360576923077
264 0.714285714286
265 0.667027417027
266 0.25
267 0.864761904762
268 0.416666666667
269 0.908791208791
270 0.333333333333
271 0.69387755102
272 0.261294261294
