1 1.0
2 0.636007212384
3 0.75
4 0.636007212384
5 0.25
6 0.151870748299
7 0.70974025974
8 0.5
9 0.5
10 0.783333333333
11 0.5
12 0.841558441558
13 0.127083333333
14 0.636007212384
15 0.316666666667
16 0.57380952381
17 0.79387755102
18 0.636007212384
19 0.317532467532
20 0.75
21 0.636007212384
22 0.625
23 0.102777777778
24 0.750793650794
25 0.75
26 0.45
27 0.505952380952
28 0.157142857143
29 0.7125
30 0.766666666667
31 0.740909090909
32 0.71156462585
33 0.636007212384
34 0.645512820513
35 0.867857142857
36 0.590178571429
37 0.534523809524
38 0.85
39 0.75
40 0.709183673469
41 0.841941391941
42 0.444444444444
43 0.822222222222
44 0.742857142857
45 0.82619047619
46 0.636007212384
47 0.714285714286
48 0.636007212384
49 0.928571428571
50 0.634523809524
51 0.127655677656
52 0.636007212384
53 0.865584415584
54 0.864285714286
55 0.75
56 0.636007212384
57 0.837896825397
58 0.65
59 0.755442176871
60 0.6
61 0.796428571429
62 0.636007212384
63 0.313492063492
64 0.636007212384
65 0.694444444444
66 0.649659863946
67 0.826785714286
68 0.63869047619
69 0.636007212384
70 0.636007212384
71 0.766666666667
72 0.557142857143
73 0.82
74 0.75
75 0.628571428571
76 0.663605442177
77 0.61746031746
78 0.944444444444
79 0.549702380952
80 0.636007212384
81 0.636007212384
82 0.794761904762
83 0.651388888889
84 0.788333333333
85 0.560714285714
86 0.676406926407
87 0.652380952381
88 0.316666666667
89 0.75
90 0.636007212384
91 0.636007212384
92 0.850850340136
93 0.889682539683
94 0.482804232804
95 0.796984126984
96 0.5
97 0.420476190476
98 1.0
99 0.5
100 0.751428571429
101 0.772619047619
102 0.25
103 0.8
104 0.838888888889
105 0.244444444444
106 0.713736263736
107 0.571428571429
108 0.842063492063
109 0.5
110 0.25
111 0.6
112 0.878571428571
113 0.75
114 0.79880952381
115 0.136111111111
116 0.163265306122
117 0.566517857143
118 0.347448979592
119 0.893333333333
120 0.738095238095
121 0.359523809524
122 0.561111111111
123 0.398484848485
124 0.408928571429
125 0.75
126 0.739775910364
127 0.487936507937
128 0.633333333333
129 0.636007212384
130 0.472222222222
131 0.819696969697
132 0.275
133 0.65
134 0.383333333333
135 0.583333333333
136 0.867142857143
137 0.370238095238
138 0.716369047619
139 0.3875
140 0.45641025641
141 0.428571428571
142 0.5
143 0.875
144 0.866468253968
145 0.5
146 0.547619047619
147 0.7875
148 0.740476190476
149 0.75
150 0.75
151 0.678869047619
152 0.64623015873
153 0.484285714286
154 0.336904761905
155 0.612142857143
156 0.25
157 0.5
158 0.55
159 0.367857142857
160 0.687103174603
161 0.674603174603
162 0.79873015873
163 0.723639455782
164 0.75
165 0.5
166 0.75
167 0.754166666667
168 0.495238095238
169 0.196904761905
170 0.754761904762
171 0.872222222222
172 0.690211640212
173 0.04
174 0.833928571429
175 1.0
176 0.75
177 0.845476190476
178 0.75
179 0.25
180 0.857142857143
181 0.466666666667
182 0.673076923077
183 0.504166666667
184 0.923376623377
185 0.570238095238
186 0.845833333333
187 0.5
188 0.75
189 0.602813852814
190 0.378306878307
191 0.9
192 0.166666666667
193 0.77
194 0.709523809524
195 0.808673469388
196 0.75
197 0.88
198 0.579365079365
199 0.712121212121
200 0.588888888889
201 0.5
202 0.5
203 0.536904761905
204 0.628754578755
205 0.68619047619
206 0.664468864469
207 0.114285714286
208 0.744047619048
209 0.494897959184
210 0.140909090909
211 0.5
212 0.597619047619
213 0.746296296296
214 0.557142857143
215 0.3125
216 0.616666666667
217 0.7375
218 0.2125
219 0.60625
220 0.678571428571
221 0.879761904762
222 0.636007212384
223 0.241746031746
224 0.871428571429
225 0.706547619048
226 0.636007212384
227 0.75
228 0.75
229 0.282051282051
230 0.847123015873
231 0.6
232 0.675
233 0.827513227513
234 0.404166666667
235 0.539682539683
236 0.6375
237 0.383673469388
238 0.887142857143
239 0.9
240 0.595238095238
241 0.506878306878
242 0.636007212384
243 0.971428571429
244 0.609259259259
245 0.958333333333
246 0.636007212384
247 0.75
248 0.620436507937
249 0.402083333333
250 0.380952380952
251 0.696336996337
252 0.5
253 0.7
254 0.666666666667
255 0.871111111111
256 0.583333333333
257 0.636007212384
258 0.715079365079
259 0.636007212384
260 0.729437229437
261 0.5
262 0.850714285714
263 0.772857142857
264 0.738988095238
265 0.289947089947
266 0.469047619048
267 0.564285714286
268 0.197936507937
269 0.851020408163
270 0.714285714286
271 0.644505494505
272 0.709353741497
273 0.75
274 0.465306122449
275 0.718831168831
276 0.883882783883
277 0.837202380952
278 0.774659863946
279 0.914032536091
280 0.88
281 0.710119047619
282 0.504761904762
283 0.569444444444
284 0.666666666667
285 0.5
286 0.714285714286
287 0.17253968254
288 0.636007212384
289 0.462202380952
290 0.623511904762
291 0.732936507937
292 0.740634920635
293 0.636007212384
294 0.727380952381
295 0.5
296 0.559126984127
297 0.85
298 1.0
299 0.874489795918
300 0.636007212384
301 1.0
302 0.95
303 0.847435897436
304 0.636007212384
305 0.597222222222
306 0.75
307 0.688095238095
308 0.801587301587
309 0.605714285714
310 0.73021978022
311 0.775
312 0.725
313 0.25
314 0.5
315 0.7375
316 0.745833333333
317 0.822380952381
318 0.629047619048
319 0.849783549784
320 0.570390720391
321 0.753968253968
322 0.807142857143
323 0.31684981685
324 0.721957671958
325 0.84652014652
326 0.697857142857
327 0.7
328 0.134523809524
329 0.75
330 1.0
331 0.636007212384
332 0.761904761905
333 0.636007212384
334 0.250183150183
335 0.697817460317
336 0.75
337 0.75
338 0.680735930736
339 0.853263403263
340 0.371428571429
341 0.484126984127
342 0.808874458874
343 0.75
344 0.498051948052
345 0.315079365079
346 0.777142857143
347 0.8
348 0.25
349 0.353015873016
350 0.775
351 0.75
352 0.403095238095
353 0.447883597884
354 0.5
355 0.571428571429
356 0.813636363636
357 0.700850340136
358 0.795238095238
359 0.435714285714
360 0.555476190476
361 0.5
362 0.655555555556
363 0.45
364 0.792857142857
365 0.636007212384
366 0.601785714286
367 0.636007212384
368 0.572222222222
369 0.75
370 0.735714285714
371 0.602976190476
372 0.571428571429
373 0.7125
374 0.477083333333
375 0.821428571429
376 0.636007212384
377 0.771726190476
378 0.636007212384
379 0.5
380 0.2
381 0.883333333333
382 0.5375
383 0.75
384 0.857142857143
385 0.5
386 0.833333333333
387 0.549761904762
388 0.75
389 0.422063492063
390 0.428571428571
391 0.715476190476
392 0.25
393 0.779081632653
394 0.5
395 0.75
396 0.846984126984
397 0.718055555556
398 0.636007212384
399 0.517857142857
400 0.774047619048
401 0.75
402 0.5
403 0.794246031746
404 0.748095238095
405 0.749047619048
406 0.733333333333
407 0.788392857143
408 0.5
409 0.25
410 0.826360544218
411 0.478571428571
412 0.66
413 1.0
414 0.790793650794
415 0.636007212384
416 0.636007212384
417 0.7
418 0.616326530612
419 0.208465608466
420 0.85
421 0.845535714286
422 0.552777777778
423 0.514285714286
424 0.72074829932
425 0.672222222222
426 1.0
427 0.557142857143
428 0.846279761905
429 1.0
