1 0.204166666667
2 0.699011533225
3 0.714826839827
4 0.699011533225
5 0.699011533225
6 0.797619047619
7 0.950757575758
8 0.659523809524
9 0.70183982684
10 0.769444444444
11 0.5
12 0.25
13 0.5
14 0.732993197279
15 0.833928571429
16 0.642857142857
17 0.483333333333
18 0.9
19 0.715986394558
20 0.625
21 0.866071428571
22 0.879761904762
23 0.666666666667
24 0.771428571429
25 0.5
26 0.89942002442
27 0.81037414966
28 0.403869047619
29 0.811224489796
30 0.727083333333
31 0.614285714286
32 0.715986394558
33 0.831666666667
34 0.882936507937
35 0.674801587302
36 0.680952380952
37 0.923469387755
38 0.984848484848
39 0.640873015873
40 1.0
41 0.856043956044
42 0.852182539683
43 0.5625
44 0.652777777778
45 0.706349206349
46 1.0
47 0.864285714286
48 0.699011533225
49 0.753174603175
50 0.25
51 0.752777777778
52 0.738095238095
53 0.664965986395
54 0.707142857143
55 0.796536796537
56 0.744590025359
57 0.476368239604
58 0.647619047619
59 0.763605442177
60 0.434285714286
61 0.25
62 0.9
63 0.767857142857
64 0.923469387755
65 0.739226844584
66 0.655612244898
67 0.656561085973
68 0.699011533225
69 0.931547619048
70 0.949134199134
71 0.942857142857
72 0.65
73 0.733333333333
74 0.5
75 0.25
76 0.885204081633
77 0.5
78 0.836734693878
79 0.25
80 0.871428571429
81 0.621598639456
82 0.895734126984
83 0.768849206349
84 0.9375
85 0.895833333333
86 0.824404761905
87 0.753720238095
88 0.183441558442
89 0.787394957983
90 0.871428571429
91 0.746598639456
92 0.796642246642
93 0.801870748299
94 0.537872841444
95 0.199047619048
96 0.436507936508
97 0.41341991342
98 0.641666666667
99 0.840986394558
100 0.852182539683
101 0.75
102 0.668192918193
103 0.854497354497
104 0.984126984127
105 0.764285714286
106 0.828231292517
107 1.0
108 0.125
109 0.683441558442
110 0.5
111 0.848095238095
112 0.702380952381
113 0.67619047619
114 0.31684981685
