1 0.727453102453
2 0.749603174603
3 0.837857142857
4 0.690476190476
5 0.714285714286
6 0.38
7 0.196513605442
8 0.76978021978
9 0.777922077922
10 0.864285714286
11 0.175595238095
12 0.428571428571
13 0.7875
14 0.615476190476
15 0.829591836735
16 0.963383838384
17 0.661931263518
18 0.397077922078
19 0.784126984127
20 0.857142857143
21 0.578869047619
22 0.729545454545
23 0.693707482993
24 0.485714285714
25 0.69358974359
26 0.780612244898
27 0.814285714286
28 0.82619047619
29 0.308974358974
30 0.127655677656
31 0.794047619048
32 0.865584415584
33 0.850595238095
34 0.764370748299
35 0.683333333333
36 1.0
37 0.285714285714
38 0.9
39 0.736111111111
40 0.238095238095
41 0.694302721088
42 0.826785714286
43 0.70119047619
44 0.561428571429
45 0.754166666667
46 0.698095238095
47 0.31875
48 0.782936507937
49 0.680952380952
50 0.90625
51 0.592857142857
52 0.734656084656
53 0.355753968254
54 0.643452380952
55 0.442857142857
56 0.819761904762
57 0.656060606061
58 0.713888888889
59 0.868650793651
60 0.775833333333
61 0.535714285714
62 0.753571428571
63 0.733225108225
64 0.572115384615
65 0.785897435897
66 0.576587301587
67 0.629591836735
68 0.868707482993
69 0.0642857142857
70 0.903571428571
71 0.57962962963
72 0.805317460317
73 0.445476190476
74 0.832857142857
75 0.845535714286
76 0.834981684982
77 0.966666666667
78 0.367857142857
79 0.422387566138
80 0.713392857143
81 0.68538961039
82 0.842063492063
83 0.65
84 0.684013605442
85 0.718095238095
86 0.628571428571
87 0.852380952381
88 0.605580357143
89 1.0
90 0.409948979592
91 0.661931263518
92 0.0833333333333
93 0.91
94 0.779761904762
95 0.392857142857
96 0.544444444444
97 0.421212121212
98 0.6
99 0.440178571429
100 0.833333333333
101 0.69494047619
102 0.678571428571
103 0.783893557423
104 0.753174603175
105 0.512936507937
106 0.669047619048
107 0.483843537415
108 0.865151515152
109 0.566666666667
110 0.690476190476
111 0.65782627866
112 0.911904761905
113 0.675
114 0.841071428571
115 0.831632653061
116 0.917142857143
117 0.391071428571
118 0.984848484848
119 0.494871794872
120 0.856051587302
121 0.712053571429
122 0.656994047619
123 0.81875
124 0.482142857143
125 0.698313492063
126 0.661931263518
127 0.790476190476
128 0.440136054422
129 0.662142857143
130 0.848611111111
131 0.718353174603
132 0.815396825397
133 0.655555555556
134 0.696853741497
135 0.766326530612
136 0.714285714286
137 0.532738095238
138 0.246904761905
139 0.754761904762
140 0.623015873016
141 0.717989417989
142 0.428571428571
143 0.420238095238
144 0.845476190476
145 0.4625
146 0.663461538462
147 0.912012987013
148 0.661931263518
149 0.814285714286
150 0.457142857143
151 0.527777777778
152 0.557359307359
153 0.735119047619
154 0.433862433862
155 0.79
156 0.8075
157 0.817602040816
158 0.9175
159 0.723484848485
160 0.575967261905
161 0.647985347985
162 0.25
163 0.702857142857
164 0.70293040293
165 0.794047619048
166 0.602040816327
167 0.743915343915
168 0.625
169 0.790692640693
170 0.269285714286
171 0.661931263518
172 0.740476190476
173 0.801851851852
174 0.745238095238
175 0.596666666667
176 0.900595238095
177 0.799062049062
178 0.661931263518
179 0.57
180 0.250079365079
181 0.766666666667
182 0.809523809524
183 0.607142857143
184 0.661931263518
185 0.892261904762
186 0.678571428571
187 0.435416666667
188 0.91875
189 0.141666666667
190 0.887142857143
191 0.617989417989
192 0.95
193 0.694047619048
194 0.646825396825
195 0.537545787546
196 0.701428571429
197 0.971428571429
198 0.662103174603
199 0.433333333333
200 0.734798534799
201 0.279761904762
202 0.904444444444
203 0.661931263518
204 0.774891774892
205 0.949134199134
206 0.875714285714
207 0.832738095238
208 0.359391534392
209 0.482936507937
210 0.222936507937
211 0.658333333333
212 0.842091836735
213 0.860119047619
214 0.732142857143
215 0.242592592593
216 0.714285714286
217 0.673351648352
218 0.753996598639
219 0.839285714286
220 0.51887755102
221 0.741558441558
222 0.874267399267
223 0.783588435374
224 0.914032536091
225 0.145833333333
226 0.88
227 0.621527777778
228 0.180873015873
229 0.540327380952
230 0.714285714286
231 0.646949404762
232 0.757301587302
233 0.763095238095
234 0.837820512821
235 0.659722222222
236 0.628571428571
237 0.661931263518
238 0.65
239 0.339285714286
240 0.784375
241 0.814047619048
242 0.679047619048
243 0.872510822511
244 0.601640720391
245 0.0714285714286
246 0.191666666667
247 0.364926739927
248 0.735846560847
249 0.785714285714
250 0.865750915751
251 0.72619047619
252 0.761111111111
253 0.879411764706
254 0.193542568543
255 0.52380952381
256 0.695833333333
257 0.317490842491
258 0.875
259 0.687400793651
260 0.689795918367
261 0.958333333333
262 0.737554112554
263 0.854329004329
264 0.577597402597
265 0.42619047619
266 0.851785714286
267 0.125
268 0.826785714286
269 0.361349206349
270 0.525595238095
271 0.478095238095
272 0.725446428571
273 0.461772486772
274 0.908163265306
275 0.682852564103
276 0.836363636364
277 0.718707482993
278 0.1
279 0.661931263518
280 0.87925170068
281 0.640476190476
282 0.857738095238
283 0.605476190476
284 0.546875
285 0.695535714286
286 0.717336309524
287 0.791428571429
288 0.36544011544
289 0.111111111111
290 0.618601190476
291 0.982142857143
292 0.833333333333
293 0.77619047619
294 0.821428571429
295 0.661111111111
296 0.75
297 0.612261904762
298 0.480396825397
299 0.7
300 0.820779220779
301 0.585119047619
302 0.814795918367
303 0.880317460317
304 0.643060643061
305 0.2
306 0.763333333333
307 0.736547619048
308 0.815079365079
309 0.846984126984
310 0.798095238095
311 0.702645502646
312 0.799047619048
313 0.8
314 0.804017857143
315 0.55
316 0.826360544218
317 0.410714285714
318 0.69619047619
319 0.719047619048
320 0.15873015873
321 0.632936507937
322 0.815793650794
323 0.641369047619
324 0.194576719577
325 0.845535714286
326 0.729523809524
327 0.534013605442
328 0.686111111111
329 0.830654761905
330 0.95
