1 1.0
2 0.875
3 0.666073115418
4 1.0
5 0.54
6 1.0
7 0.787857142857
8 0.75
9 0.666073115418
10 0.666073115418
11 0.160799319728
12 0.732467532468
13 0.666073115418
14 0.75
15 0.75
16 0.875
17 0.864285714286
18 0.666073115418
19 0.666073115418
20 0.73
21 0.6375
22 0.374350649351
23 0.75
24 0.718650793651
25 0.857142857143
26 0.666073115418
27 0.666073115418
28 0.75
29 0.675
30 0.261904761905
31 0.8
32 0.76746031746
33 0.666073115418
34 0.45
35 0.875
36 0.537202380952
37 0.666073115418
38 0.666073115418
39 0.575
40 0.25
41 0.579166666667
42 1.0
43 0.368571428571
44 0.841941391941
45 0.666073115418
46 0.666073115418
47 0.669727891156
48 0.666073115418
49 0.666073115418
50 0.666073115418
51 0.666073115418
52 0.666073115418
53 0.135714285714
54 0.666073115418
55 0.716666666667
56 0.666073115418
57 0.73
58 0.108424908425
59 1.0
60 1.0
61 0.683333333333
62 0.666073115418
63 0.666073115418
64 0.666073115418
65 0.8
66 0.666073115418
67 0.666073115418
68 0.865584415584
69 0.875
70 0.848313492063
71 0.775
72 0.875
73 0.666073115418
74 0.666073115418
75 0.666073115418
76 0.746513605442
77 0.666073115418
78 0.69
79 0.666073115418
80 0.666073115418
81 1.0
82 0.725
83 0.640731292517
84 0.608333333333
85 0.666073115418
86 0.65431547619
87 0.321428571429
88 0.754166666667
89 0.75
90 1.0
91 0.8
92 0.666073115418
93 0.875
94 0.84375
95 0.314087301587
96 0.666073115418
97 1.0
98 0.0916666666667
99 0.666073115418
100 0.794761904762
101 0.666073115418
102 0.656060606061
103 0.651388888889
104 0.75
105 0.666073115418
106 0.666073115418
107 1.0
108 0.666073115418
109 0.666073115418
110 0.665043290043
111 1.0
112 0.534920634921
113 0.666073115418
114 0.666073115418
115 0.802083333333
116 0.522448979592
117 0.868707482993
118 0.0642857142857
119 0.6
120 0.666073115418
121 0.57962962963
122 0.84375
123 0.788650793651
124 0.875
125 0.666073115418
126 0.757857142857
127 0.666073115418
128 1.0
129 0.666073115418
130 1.0
131 0.666073115418
132 0.5
133 0.666073115418
134 0.666073115418
135 0.846875
136 0.694505494505
137 0.5
138 0.616666666667
139 1.0
140 1.0
141 0.666073115418
142 0.25
143 0.666073115418
144 0.5
145 0.75
146 0.666073115418
147 1.0
148 0.4
149 0.79880952381
150 0.25
151 0.219444444444
152 0.0666666666667
153 0.411904761905
154 0.558705357143
155 0.338520408163
156 0.666073115418
157 1.0
158 0.666073115418
159 0.91
160 0.758928571429
161 0.392857142857
162 0.527777777778
163 0.8
164 0.257482993197
165 0.111111111111
166 0.904761904762
167 0.8
168 0.75
169 0.666073115418
170 0.739775910364
171 0.125
172 0.80873015873
173 0.666073115418
174 0.49626984127
175 0.833333333333
176 0.333333333333
177 0.666073115418
178 0.666073115418
179 0.8
180 0.819696969697
181 0.39
182 0.75
183 0.543939393939
184 0.179931972789
185 1.0
186 0.826666666667
187 0.666073115418
188 0.333333333333
189 0.91
190 0.494871794872
191 0.077380952381
192 0.666073115418
193 0.5
194 0.75
195 0.666073115418
196 0.59
197 0.490816326531
198 0.666073115418
199 0.666073115418
200 0.666666666667
201 0.6
202 0.796031746032
203 0.875
204 0.625
205 0.666073115418
206 0.67748015873
207 0.710119047619
208 1.0
209 0.666073115418
210 0.687142857143
211 0.875
212 1.0
213 0.69751984127
214 0.666073115418
215 0.378571428571
216 0.702380952381
217 0.666073115418
218 0.732568027211
219 1.0
220 0.5
221 0.666073115418
222 0.8
223 0.825714285714
224 0.75
225 0.875
226 0.442857142857
227 0.432738095238
228 0.221904761905
229 0.754761904762
230 0.9
231 0.666073115418
232 0.823511904762
233 0.8
234 0.875
235 0.666073115418
236 1.0
237 0.8125
238 0.870476190476
239 0.0714285714286
240 0.666073115418
241 0.666073115418
242 0.8
243 0.625
244 0.721153846154
245 0.666073115418
246 0.825
247 0.666073115418
248 0.25
249 0.648268398268
250 0.4
251 0.46
252 1.0
253 1.0
254 0.799744897959
255 0.875
256 1.0
257 0.875
258 0.544717261905
259 0.647985347985
260 0.68619047619
261 0.744047619048
262 0.834615384615
263 0.666073115418
264 0.152272727273
265 0.716137566138
266 1.0
267 1.0
268 0.666073115418
269 0.666073115418
270 0.228571428571
271 0.666073115418
272 0.633333333333
273 0.774074074074
274 0.557142857143
275 0.666073115418
276 0.596666666667
277 0.879761904762
278 0.666073115418
279 0.666073115418
280 0.271428571429
281 0.8
282 0.266746031746
283 0.7
284 0.666073115418
285 0.666073115418
286 0.666073115418
287 0.892261904762
288 0.696130952381
289 0.875
290 0.525
291 1.0
292 0.6
293 0.641666666667
294 0.358974358974
295 0.666073115418
296 0.154761904762
297 0.188888888889
298 0.6
299 0.666073115418
300 0.8
301 0.266666666667
302 0.90380952381
303 0.766666666667
304 0.25
305 0.833333333333
306 0.666073115418
307 0.777777777778
308 0.617989417989
309 0.666073115418
310 0.666073115418
311 0.650925925926
312 0.666073115418
313 0.666073115418
314 0.947916666667
315 0.666073115418
316 0.0642857142857
317 0.0952380952381
318 0.875
319 0.70376984127
320 0.370833333333
321 0.677106227106
322 0.875
323 1.0
324 0.887777777778
325 0.506349206349
326 0.114285714286
327 0.666073115418
328 0.850714285714
329 0.25
330 0.775
331 0.20626984127
332 0.666073115418
333 0.842091836735
334 1.0
335 0.666073115418
336 0.27037037037
337 0.75
338 0.718282312925
339 0.666073115418
340 1.0
341 0.225
342 0.465306122449
343 0.8
344 0.52
345 0.696103896104
346 0.666073115418
347 0.874267399267
348 0.283333333333
349 0.783588435374
350 1.0
351 0.914032536091
352 0.145833333333
353 0.666073115418
354 0.836666666667
355 0.164206349206
356 0.5
357 0.666073115418
358 0.666073115418
359 1.0
360 0.666073115418
361 0.662574404762
362 0.666073115418
363 0.757301587302
364 0.763095238095
365 0.666073115418
366 1.0
367 1.0
368 0.5
369 1.0
370 0.836111111111
371 0.910204081633
372 0.666073115418
373 0.536666666667
374 1.0
375 0.837820512821
376 0.659722222222
377 0.666073115418
378 0.666073115418
379 0.666073115418
380 0.875
381 0.666073115418
382 0.580714285714
383 0.73021978022
384 0.666073115418
385 0.666073115418
386 0.816666666667
387 0.666073115418
388 0.666073115418
389 0.2
390 0.75
391 0.666073115418
392 0.814047619048
393 0.261904761905
394 0.827056277056
395 0.666073115418
396 0.666073115418
397 0.666073115418
398 0.6
399 0.666073115418
400 0.825
401 0.666073115418
402 0.666073115418
403 0.345695970696
404 0.9
405 0.765646258503
406 0.865750915751
407 0.666073115418
408 0.5
409 0.685357142857
410 0.95
411 1.0
412 1.0
413 0.666073115418
414 0.875
415 0.666073115418
416 0.8
417 0.666073115418
418 0.666073115418
419 0.317490842491
420 0.675
421 0.729067460317
422 0.666073115418
423 0.875
424 0.666073115418
425 0.8418997669
426 0.25
427 0.666073115418
428 1.0
429 1.0
430 0.8
431 0.1875
432 0.666073115418
433 0.666073115418
434 0.166666666667
435 0.742857142857
436 1.0
437 0.875
438 0.6
439 0.344682539683
440 0.266666666667
441 0.504761904762
442 0.75
443 0.7125
444 0.5
445 0.461772486772
446 0.75
447 0.291666666667
448 0.666073115418
449 0.2
450 0.666073115418
451 0.6
452 0.813636363636
453 0.666073115418
454 0.314285714286
455 0.700850340136
456 0.6
457 0.3
458 0.666073115418
459 0.25
460 0.5
461 1.0
462 0.1
463 0.664285714286
464 0.666073115418
465 0.666073115418
466 0.7125
467 0.666073115418
468 0.525
469 0.875
470 0.666073115418
471 0.194444444444
472 0.649851190476
473 0.4
474 1.0
475 0.2
476 0.615873015873
477 0.75
478 0.666073115418
479 0.5
480 0.75
481 0.666073115418
482 0.666073115418
483 1.0
484 0.733333333333
485 0.430396825397
486 0.666073115418
487 0.556666666667
488 0.875
489 0.79693877551
490 1.0
491 0.121428571429
492 0.75
493 0.863650793651
494 0.780555555556
495 0.763333333333
496 0.736547619048
497 0.75
498 0.666073115418
499 0.748095238095
500 0.766666666667
501 0.666073115418
502 0.666073115418
503 0.6
504 0.666073115418
505 1.0
506 0.666073115418
507 0.666073115418
508 0.875
509 0.375
510 0.666073115418
511 0.590476190476
512 0.862074829932
513 1.0
514 0.673593073593
515 0.711011904762
516 1.0
517 0.78246031746
518 0.444444444444
519 0.5
520 1.0
521 0.194576719577
522 0.666073115418
523 0.375
524 0.845535714286
525 0.458333333333
526 0.666073115418
527 0.623015873016
528 0.875
529 0.516666666667
530 0.846279761905
531 0.9375
