1 0.228365384615
2 0.228365384615
3 0.228365384615
4 0.1
5 0.228365384615
6 0.228365384615
7 0.225
8 0.228365384615
9 0.2
10 0.2
11 0.228365384615
12 0.228365384615
13 0.228365384615
14 0.228365384615
15 0.228365384615
16 0.228365384615
17 0.228365384615
18 0.2
19 0.228365384615
20 0.228365384615
21 0.291666666667
22 0.2
23 0.2
24 0.2
25 0.228365384615
26 0.228365384615
27 0.228365384615
28 0.2
29 0.2
30 0.2
31 0.228365384615
32 0.2
33 0.228365384615
34 0.228365384615
35 0.35
36 0.228365384615
37 0.2
38 0.228365384615
39 0.2
40 0.228365384615
41 0.228365384615
42 0.228365384615
43 0.228365384615
44 0.244047619048
45 0.228365384615
46 0.228365384615
47 0.228365384615
48 0.228365384615
49 0.228365384615
50 0.228365384615
51 0.2
52 0.2
53 0.228365384615
54 0.228365384615
55 0.2
56 0.228365384615
57 0.228365384615
58 0.228365384615
59 0.2
60 0.2
61 0.05
62 0.228365384615
63 0.2
64 0.2
65 0.228365384615
66 0.2
67 0.228365384615
68 0.228365384615
69 0.228365384615
70 0.228365384615
71 0.228365384615
72 0.2
73 0.2
74 0.2
75 0.2
76 0.228365384615
77 0.228365384615
78 0.2
79 0.228365384615
80 0.2
81 0.228365384615
82 0.228365384615
83 0.2
84 0.228365384615
85 0.228365384615
86 0.228365384615
87 0.228365384615
88 0.228365384615
89 0.228365384615
90 0.228365384615
91 0.228365384615
92 0.2
93 0.228365384615
94 0.228365384615
95 0.228365384615
96 0.228365384615
97 0.228365384615
98 0.228365384615
99 0.228365384615
100 0.2
101 0.2
102 0.228365384615
103 0.228365384615
104 0.228365384615
105 0.228365384615
106 0.228365384615
107 0.228365384615
108 0.2
109 0.228365384615
110 0.228365384615
111 0.6
112 0.845535714286
113 0.228365384615
