1 1.0
2 0.469523809524
3 0.655555555556
4 0.732467532468
5 0.632380952381
6 0.175595238095
7 0.583333333333
8 0.704166666667
9 0.733333333333
10 0.5
11 0.614129114737
12 0.714285714286
13 0.614129114737
14 0.588888888889
15 0.525
16 0.5
17 0.614129114737
18 0.666666666667
19 0.587698412698
20 0.5125
21 0.79387755102
22 0.571428571429
23 0.516666666667
24 0.666666666667
25 0.672222222222
26 0.676984126984
27 0.0833333333333
28 0.8
29 0.614129114737
30 0.714285714286
31 0.43
32 0.165277777778
33 0.345238095238
34 0.611904761905
35 0.750793650794
36 0.515079365079
37 0.166666666667
38 0.516369047619
39 1.0
40 0.452380952381
41 0.745833333333
42 0.690476190476
43 0.614129114737
44 0.25
45 0.847023809524
46 0.652678571429
47 0.673469387755
48 0.841941391941
49 0.266666666667
50 0.472222222222
51 0.666666666667
52 0.614129114737
53 0.8
54 0.614129114737
55 0.614129114737
56 0.630952380952
57 0.635317460317
58 0.705442176871
59 1.0
60 0.503968253968
61 0.839285714286
62 0.233333333333
63 0.839285714286
64 0.614129114737
65 0.65
66 0.697023809524
67 0.0891941391941
68 0.633333333333
69 0.0666666666667
70 0.667857142857
71 0.614129114737
72 0.8
73 0.888311688312
74 1.0
75 0.285714285714
76 0.82748015873
77 0.485714285714
78 0.561111111111
79 0.746513605442
80 0.55
81 0.333333333333
82 0.878231292517
83 0.625
84 0.681746031746
85 0.908333333333
86 0.614129114737
87 0.6
88 0.680555555556
89 0.640731292517
90 0.826785714286
91 0.666666666667
92 0.608333333333
93 0.63869047619
94 0.833333333333
95 0.779166666667
96 1.0
97 0.214285714286
98 0.8125
99 0.166666666667
100 0.7
101 0.492857142857
102 0.533333333333
103 0.577777777778
104 0.84126984127
105 0.64574829932
106 0.612202380952
107 0.575
108 0.895833333333
109 0.630555555556
110 0.833333333333
111 0.245833333333
112 0.775833333333
113 0.75
114 1.0
115 0.665043290043
116 0.75
117 0.696825396825
118 0.534920634921
119 0.614129114737
120 0.711904761905
121 0.285714285714
122 0.666666666667
123 0.833333333333
124 0.504166666667
125 0.850850340136
126 0.0285714285714
127 0.875793650794
128 0.614129114737
129 0.524074074074
130 0.833333333333
131 0.78125
132 0.788650793651
133 0.833333333333
134 0.420476190476
135 0.357142857143
136 0.874867724868
137 0.757857142857
138 0.5
139 0.801428571429
140 0.762202380952
141 0.834981684982
142 0.571428571429
143 0.204166666667
144 0.875
145 0.694505494505
146 0.527777777778
147 0.404166666667
148 0.842063492063
149 0.2
150 0.166666666667
151 0.666666666667
152 0.333333333333
153 0.505357142857
154 0.860714285714
155 0.285714285714
156 0.816666666667
157 0.464285714286
158 0.392091836735
159 0.571428571429
160 0.91
161 0.614129114737
162 0.72
163 0.738095238095
164 0.37619047619
165 0.483333333333
166 0.544444444444
167 0.421212121212
168 0.221768707483
169 0.616666666667
170 0.408928571429
171 0.571428571429
172 1.0
173 1.0
174 0.452380952381
175 0.780952380952
176 0.755555555556
177 0.479603174603
178 0.597619047619
179 0.625
180 0.138888888889
181 0.166666666667
182 0.638888888889
183 0.842424242424
184 0.614129114737
185 0.608333333333
186 0.306666666667
187 0.543939393939
188 1.0
189 0.609523809524
190 0.108503401361
191 0.884126984127
192 0.867142857143
193 0.728571428571
194 0.432738095238
195 0.6
196 0.861111111111
197 0.45641025641
198 0.75
199 0.4
200 1.0
201 0.784761904762
202 0.856051587302
203 0.4
204 0.333333333333
205 0.55
206 0.666666666667
207 0.547619047619
208 0.821428571429
209 0.635813492063
210 0.614129114737
211 0.285714285714
212 0.404421768707
213 0.333333333333
214 0.926020408163
215 0.916666666667
216 0.316071428571
217 0.664761904762
218 0.637142857143
219 0.2
220 0.333333333333
221 0.809183673469
222 0.819047619048
223 1.0
224 0.674603174603
225 0.79873015873
226 0.75
227 0.670476190476
228 0.58630952381
229 0.333333333333
230 0.83
231 0.6
232 0.800714285714
233 1.0
234 0.666666666667
235 0.457738095238
236 0.754761904762
237 0.221904761905
238 0.691666666667
239 0.614129114737
240 0.450793650794
241 0.725
242 0.9
243 0.717989417989
244 0.823511904762
245 0.833333333333
246 0.614129114737
247 0.845476190476
248 0.571428571429
249 0.663461538462
250 1.0
251 0.8
252 0.912012987013
253 0.166666666667
254 0.614129114737
255 0.742857142857
256 0.833333333333
257 0.5
258 0.125
259 0.614129114737
260 0.580086580087
261 0.46164021164
262 1.0
263 0.614129114737
264 0.242857142857
265 0.466666666667
266 1.0
267 0.0833333333333
268 0.7825
269 0.614129114737
270 0.166666666667
271 0.799744897959
272 0.483333333333
273 0.8925
274 0.621031746032
275 0.700757575758
276 0.614129114737
277 0.6
278 0.866666666667
279 0.771428571429
280 0.544717261905
281 0.590293040293
282 0.669523809524
283 0.645238095238
284 0.614129114737
285 0.166666666667
286 0.769047619048
287 0.530612244898
288 0.0833333333333
289 0.834615384615
290 0.129545454545
291 0.758333333333
292 0.244285714286
293 0.75254447933
294 0.344444444444
295 0.746031746032
296 0.166666666667
297 0.55
298 0.65
299 0.591071428571
300 0.596666666667
301 0.66875
302 0.500878043525
303 0.250079365079
304 0.8
305 0.614129114737
306 0.285714285714
307 0.2
308 0.871428571429
309 0.25
310 0.142857142857
311 1.0
312 0.517857142857
313 0.833333333333
314 0.683333333333
315 0.339743589744
316 0.55
317 0.716666666667
318 0.4
319 0.435416666667
320 0.8875
321 0.6
322 0.626984126984
323 0.764285714286
324 0.666666666667
325 0.887142857143
326 0.516666666667
327 0.416666666667
328 0.756666666667
329 0.527777777778
330 0.506878306878
331 0.866666666667
332 0.96
333 0.614129114737
334 0.59537037037
335 0.947916666667
336 0.0642857142857
337 0.666666666667
338 0.935714285714
339 0.64126984127
340 0.666666666667
341 0.4
342 0.527777777778
343 0.871111111111
344 0.266666666667
345 0.614129114737
346 0.35
347 0.729437229437
348 0.875714285714
349 0.85
350 1.0
351 0.738988095238
352 0.666666666667
353 0.614129114737
354 0.331613756614
355 0.466666666667
356 0.482936507937
357 0.460204081633
358 0.375
359 0.75
360 0.189603174603
361 0.833333333333
362 0.859948979592
363 0.852678571429
364 0.75
365 0.183333333333
366 0.614129114737
367 0.571428571429
368 0.63489010989
369 0.614129114737
370 0.333333333333
371 0.933333333333
372 0.700425170068
373 1.0
374 0.465306122449
375 0.718831168831
376 0.667346938776
377 0.614129114737
378 0.765731292517
379 0.88
380 0.600694444444
381 0.2
382 0.708333333333
383 0.68
384 0.745535714286
385 0.609523809524
386 0.180873015873
387 0.619047619048
388 0.614129114737
389 1.0
390 1.0
391 0.477976190476
392 1.0
393 0.614129114737
394 0.39880952381
395 0.631324404762
396 0.732936507937
397 0.928571428571
398 0.282936507937
399 0.863888888889
400 0.866666666667
401 0.166666666667
402 0.6
403 0.486666666667
404 0.837820512821
405 0.614129114737
406 0.314285714286
407 0.15873015873
408 0.104166666667
409 0.618055555556
410 0.266666666667
411 0.2
412 0.726556776557
413 0.166666666667
414 0.8
415 0.614129114737
416 0.580714285714
417 0.749450549451
418 0.408333333333
419 0.614129114737
420 0.5
421 0.614129114737
422 0.784375
423 0.791666666667
424 0.745238095238
425 0.814047619048
426 0.8
427 0.774761904762
428 0.833333333333
429 0.531746031746
430 0.827056277056
431 0.559974053724
432 0.916666666667
433 0.789285714286
434 0.438888888889
435 0.916666666667
436 0.333333333333
437 0.666666666667
438 0.428571428571
439 0.708068783069
440 0.658503401361
441 0.833333333333
442 0.865750915751
443 0.614129114737
444 0.614129114737
445 0.77
446 0.666666666667
447 0.782738095238
448 0.534920634921
449 1.0
450 0.477619047619
451 0.7
452 0.666666666667
453 0.879411764706
454 0.4
455 0.428571428571
456 0.666666666667
457 0.859523809524
458 0.833333333333
459 0.59880952381
460 0.825
461 0.708333333333
462 0.614129114737
463 0.916666666667
464 0.625
465 0.466666666667
466 0.780859010271
467 0.5
468 0.5
469 0.62380952381
470 0.5
471 0.15873015873
472 0.2
473 0.29826007326
474 0.705952380952
475 0.25
476 0.5
477 0.833333333333
478 0.614129114737
479 0.44619047619
480 0.57619047619
481 0.666666666667
482 0.6920995671
483 0.888888888889
484 0.614285714286
485 0.353571428571
486 0.333333333333
487 0.698412698413
488 0.666666666667
489 0.532142857143
490 0.398412698413
491 0.777142857143
492 0.833333333333
493 0.285714285714
494 0.65
495 0.325
496 0.877083333333
497 0.666666666667
498 0.483928571429
499 0.166666666667
500 0.334285714286
501 0.428095238095
502 0.833333333333
503 0.491666666667
504 0.801587301587
505 0.48955026455
506 0.166666666667
507 0.808333333333
508 0.3
509 1.0
510 0.71130952381
511 0.785714285714
512 0.65
513 0.813636363636
514 0.465306122449
515 0.284523809524
516 0.700850340136
517 0.619047619048
518 0.166666666667
519 0.857142857143
520 0.5
521 0.322222222222
522 0.225
523 0.614129114737
524 0.795238095238
525 0.4
526 0.471428571429
527 0.327777777778
528 0.530476190476
529 0.5
530 0.4
531 0.738888888889
532 0.619047619048
533 0.333333333333
534 0.633035714286
535 0.780555555556
536 0.933333333333
537 0.614129114737
538 1.0
539 0.433333333333
540 1.0
541 0.555555555556
542 0.614129114737
543 0.602976190476
544 0.919642857143
545 0.797619047619
546 0.833333333333
547 0.885714285714
548 0.398958333333
549 0.869047619048
550 0.616666666667
551 0.756101190476
552 0.8625
553 0.811111111111
554 0.25
555 0.197619047619
556 0.513095238095
557 0.562261904762
558 0.577777777778
559 1.0
560 0.775324675325
561 0.621726190476
562 0.779081632653
563 0.575
564 0.5
565 0.863650793651
566 0.718055555556
567 0.666666666667
568 0.666666666667
569 0.738333333333
570 0.359523809524
571 0.166666666667
572 0.815079365079
573 0.6
574 0.830317460317
575 0.748095238095
576 0.342857142857
577 0.470238095238
578 0.702645502646
579 0.833333333333
580 0.614129114737
581 0.841666666667
582 0.702083333333
583 0.792857142857
584 0.833333333333
585 1.0
586 0.804017857143
587 0.833333333333
588 0.6
589 0.826360544218
590 0.724867724868
591 0.166666666667
592 0.709523809524
593 0.417857142857
594 0.673593073593
595 0.5
596 0.633333333333
597 0.75
598 0.711011904762
599 0.78246031746
600 0.65
601 0.1
602 0.616666666667
603 0.225
604 0.634183673469
605 0.610119047619
606 0.166798941799
607 0.729761904762
608 0.366666666667
609 0.75
610 0.614129114737
611 0.842517006803
612 0.845535714286
613 0.594444444444
614 0.325396825397
615 0.538888888889
616 0.614129114737
617 0.650793650794
618 0.788988095238
619 0.589523809524
620 0.830654761905
