1 0.25
2 0.54
3 0.72619047619
4 0.708479823989
5 0.125
6 0.23
7 0.76978021978
8 0.708479823989
9 0.25
10 0.6375
11 0.708479823989
12 0.916666666667
13 0.75
14 0.708479823989
15 0.719516594517
16 0.616666666667
17 1.0
18 0.75462962963
19 0.6375
20 0.635897435897
21 0.8375
22 0.583333333333
23 0.535317460317
24 0.708479823989
25 0.708479823989
26 0.753968253968
27 0.805357142857
28 0.716666666667
29 0.83
30 0.708479823989
31 0.708479823989
32 0.555555555556
33 0.8125
34 0.5
35 0.746031746032
36 0.641666666667
37 0.74
38 0.708479823989
39 0.85
40 1.0
41 0.638888888889
42 0.708479823989
43 0.594436813187
44 0.708479823989
45 0.792592592593
46 0.708479823989
47 0.55
48 0.66746031746
49 0.2875
50 0.649553571429
51 1.0
52 0.75
53 1.0
54 0.708479823989
55 0.4
56 0.708479823989
57 0.380720899471
58 1.0
59 0.650892857143
60 0.616666666667
61 0.567857142857
62 0.612585034014
63 0.9
64 0.870555555556
65 0.743095238095
66 0.617857142857
67 1.0
68 0.708479823989
69 0.708479823989
70 0.444444444444
71 0.708479823989
72 0.708479823989
73 0.708479823989
74 0.708479823989
75 0.833333333333
76 0.708479823989
77 0.49
78 0.708479823989
79 0.671715167549
80 0.708479823989
81 0.876666666667
82 0.795918367347
83 0.708479823989
84 0.91
85 0.69
86 0.708479823989
87 0.926020408163
88 0.5
89 0.547619047619
90 0.708479823989
91 0.806944444444
92 0.593055555556
93 0.815306122449
94 0.625
95 0.694897959184
96 0.708479823989
97 0.708479823989
98 0.571428571429
99 0.8
100 0.708479823989
101 0.75
102 0.708479823989
103 0.336904761905
104 0.666666666667
105 0.9375
106 0.708479823989
107 0.862351190476
108 0.708479823989
109 0.825
110 0.5
111 0.821428571429
112 0.46
113 0.708479823989
114 0.734375
115 0.65
116 0.708479823989
117 0.708479823989
118 1.0
119 0.767965367965
120 0.75254447933
121 0.708479823989
122 0.746604938272
123 0.716666666667
124 0.9
125 0.75
126 0.486172161172
127 0.701854982624
128 0.684523809524
129 0.75
130 0.783446712018
131 0.708479823989
132 0.517857142857
133 0.388888888889
134 0.725
135 0.55
136 0.916666666667
137 1.0
138 0.777777777778
139 0.708479823989
140 0.933333333333
141 0.846741452991
142 0.605158730159
143 0.916666666667
144 0.708479823989
145 0.8375
146 0.67380952381
147 0.708479823989
148 0.388888888889
149 0.833333333333
150 0.57
151 0.70306122449
152 0.8
153 0.708479823989
154 0.208333333333
155 0.833333333333
156 0.680357142857
157 0.708479823989
158 0.836666666667
159 0.708479823989
160 0.7
161 0.708479823989
162 0.708479823989
163 0.566666666667
164 1.0
165 0.708479823989
166 0.895734126984
167 0.605555555556
168 0.875
169 0.708479823989
170 0.7375
171 0.814285714286
172 0.772619047619
173 0.708479823989
174 0.741071428571
175 0.708479823989
176 0.758333333333
177 0.708479823989
178 0.910714285714
179 0.95
180 0.766666666667
181 0.708479823989
182 0.894117647059
183 0.809523809524
184 0.833333333333
185 0.695833333333
186 0.780859010271
187 0.708479823989
188 0.802857142857
189 0.729166666667
190 0.783333333333
191 0.8
192 0.582653061224
193 1.0
194 0.817475579976
195 0.708479823989
196 0.1875
197 0.708479823989
198 0.77
199 0.716666666667
200 0.75
201 0.775
202 0.908333333333
203 0.708479823989
204 0.708479823989
205 0.708479823989
206 0.833333333333
207 0.866666666667
208 0.793154761905
209 0.708479823989
210 0.701711309524
211 0.708479823989
212 0.7125
213 0.708479823989
214 0.5
215 0.708479823989
216 0.708479823989
217 0.541666666667
218 1.0
219 0.708479823989
220 0.845833333333
221 0.708479823989
222 0.733333333333
223 0.708479823989
224 0.606666666667
225 0.616666666667
226 0.533333333333
227 0.333333333333
228 0.55
229 0.643060643061
230 0.222222222222
231 0.842151675485
232 0.708479823989
233 0.708479823989
234 0.813650793651
235 0.766666666667
236 0.708479823989
237 0.708479823989
238 0.708479823989
239 1.0
240 0.814761904762
241 0.88956043956
242 0.708479823989
243 0.7
244 0.498299319728
